phi std_phi theta std_theta
---
-20.952 177.622 129.527 0.816
118.088 133.488 130.406 0.859
173.543 31.631 131.214 0.838
174.517 1.578 132.117 0.800
172.392 1.617 132.886 0.868
170.071 1.681 133.733 0.837
167.637 1.645 134.581 0.882
165.182 1.751 135.359 0.851
162.491 1.770 136.033 0.905
159.895 1.733 136.746 0.919
156.735 1.769 137.416 0.911
153.661 1.750 137.940 0.897
150.501 1.766 138.445 0.965
147.272 1.667 138.800 0.971
143.898 1.667 139.159 1.029
140.576 1.605 139.382 1.020
136.964 1.668 139.469 1.041
133.596 1.541 139.562 1.104
130.062 1.467 139.376 1.036
126.651 1.437 139.179 1.177
123.358 1.388 138.959 1.154
119.985 1.251 138.490 1.129
116.804 1.260 138.090 1.148
113.699 1.143 137.410 1.130
110.740 1.080 136.881 1.146
107.951 1.031 136.184 1.149
105.219 0.974 135.443 1.094
102.622 0.883 134.717 1.111
100.190 0.866 133.976 1.106
97.935 0.840 133.095 1.119
95.759 0.794 132.215 1.046
93.772 0.762 131.354 1.072
---
-150.087 95.524 130.353 0.779
-9.820 178.541 131.293 0.837
124.157 127.577 132.218 0.785
172.385 36.594 133.082 0.840
174.146 1.640 134.008 0.852
171.732 1.735 134.855 0.895
169.225 1.839 135.782 0.841
166.671 1.710 136.630 0.898
163.980 1.822 137.461 0.885
161.129 1.819 138.180 0.919
157.988 1.824 138.896 0.923
154.929 1.919 139.554 0.954
151.427 1.856 140.072 1.001
148.028 1.866 140.498 0.950
144.498 1.815 140.847 1.021
140.708 1.721 141.108 1.038
137.068 1.713 141.238 1.112
133.506 1.657 141.261 1.126
129.634 1.546 141.134 1.140
126.038 1.519 140.925 1.164
122.567 1.462 140.573 1.189
118.971 1.313 140.135 1.161
115.717 1.274 139.637 1.259
112.474 1.216 139.025 1.173
109.320 1.111 138.347 1.198
106.405 1.063 137.554 1.177
103.617 1.022 136.783 1.154
101.044 0.988 136.012 1.145
98.522 0.928 135.070 1.127
96.193 0.849 134.137 1.140
93.999 0.832 133.350 1.075
92.021 0.768 132.431 1.058
---
-173.986 27.876 131.253 0.817
-140.817 108.592 132.211 0.830
-14.249 178.179 133.214 0.864
134.561 116.389 134.191 0.834
172.350 35.179 135.142 0.860
173.665 1.803 136.162 0.851
171.061 1.796 137.029 0.846
168.507 1.886 138.027 0.825
165.630 1.949 138.872 0.898
162.523 1.927 139.705 0.899
159.431 2.029 140.477 0.931
156.051 2.074 141.165 0.989
152.504 2.010 141.815 1.005
148.824 1.979 142.280 1.010
145.029 1.937 142.691 1.012
141.204 1.969 142.976 1.069
137.352 1.811 143.089 1.119
133.392 1.821 143.048 1.139
129.388 1.744 142.940 1.194
125.472 1.659 142.678 1.181
121.645 1.530 142.363 1.215
117.960 1.427 141.831 1.190
114.470 1.305 141.306 1.267
111.070 1.240 140.608 1.200
107.841 1.160 139.890 1.252
104.734 1.108 139.085 1.237
101.976 1.024 138.151 1.164
99.207 0.953 137.194 1.146
96.687 0.932 136.280 1.165
94.305 0.873 135.262 1.157
92.123 0.824 134.359 1.087
90.041 0.806 133.288 1.049
---
-174.115 1.540 132.040 0.807
-175.352 13.573 133.119 0.836
-146.445 100.508 134.194 0.858
-16.275 177.906 135.220 0.851
129.245 121.977 136.246 0.841
169.705 45.052 137.287 0.907
173.140 1.918 138.366 0.882
170.383 1.973 139.402 0.897
167.398 2.055 140.301 0.919
164.312 2.021 141.277 0.903
161.022 2.249 142.119 0.988
157.480 2.089 142.857 0.997
153.843 2.251 143.629 0.984
149.932 2.179 144.121 1.007
145.902 2.043 144.578 1.084
141.585 2.118 144.829 1.071
137.476 1.973 145.019 1.116
133.109 1.849 145.048 1.145
129.015 1.827 144.908 1.184
124.824 1.737 144.645 1.211
120.803 1.627 144.216 1.226
116.753 1.453 143.652 1.236
113.064 1.366 143.048 1.272
109.547 1.313 142.276 1.281
106.096 1.202 141.389 1.232
102.934 1.085 140.505 1.216
99.991 1.054 139.582 1.205
97.222 0.985 138.550 1.205
94.622 0.937 137.518 1.221
92.254 0.896 136.449 1.160
90.062 0.857 135.437 1.170
88.033 0.846 134.351 1.144
---
-172.004 1.543 132.870 0.849
-173.835 1.737 134.094 0.898
-173.147 28.860 135.083 0.852
-141.315 107.394 136.314 0.856
-13.824 177.997 137.408 0.896
132.127 118.598 138.588 0.893
173.088 27.863 139.730 0.920
172.427 2.083 140.785 0.913
169.568 2.159 141.867 0.874
166.278 2.273 142.902 0.899
162.799 2.246 143.809 0.897
159.087 2.414 144.688 0.959
155.072 2.317 145.401 1.001
151.028 2.279 146.056 1.049
146.579 2.330 146.508 1.044
142.224 2.201 146.873 1.095
137.539 2.185 147.020 1.158
132.996 2.050 147.019 1.178
128.513 1.947 146.924 1.219
124.047 1.828 146.550 1.243
119.603 1.705 146.073 1.302
115.436 1.523 145.436 1.255
111.490 1.398 144.802 1.284
107.680 1.296 143.981 1.325
104.271 1.238 143.050 1.285
100.939 1.149 142.101 1.241
97.901 1.095 141.014 1.229
95.034 1.059 139.821 1.242
92.526 0.973 138.774 1.170
90.092 0.945 137.580 1.131
87.895 0.950 136.469 1.147
85.731 0.889 135.348 1.160
---
-169.822 1.677 133.755 0.897
-171.385 1.688 134.879 0.887
-173.223 1.775 136.131 0.871
-173.189 27.110 137.286 0.885
-147.092 98.738 138.509 0.899
-25.685 176.495 139.721 0.878
134.261 115.965 141.034 0.940
169.746 42.028 142.168 0.873
171.878 2.275 143.398 0.912
168.532 2.370 144.494 0.931
164.619 2.422 145.547 0.905
160.934 2.508 146.527 0.970
156.709 2.411 147.302 0.984
152.317 2.458 148.137 1.031
147.571 2.471 148.625 1.102
142.692 2.459 148.967 1.135
137.945 2.300 149.216 1.163
132.902 2.230 149.252 1.219
127.979 2.110 149.057 1.238
123.077 1.867 148.719 1.284
118.328 1.790 148.134 1.321
113.900 1.619 147.428 1.312
109.703 1.467 146.625 1.344
105.797 1.374 145.734 1.300
102.010 1.299 144.653 1.336
98.662 1.195 143.567 1.314
95.595 1.157 142.415 1.307
92.672 1.064 141.181 1.264
90.083 1.006 139.948 1.225
87.649 0.958 138.808 1.225
85.478 0.958 137.479 1.146
83.413 0.882 136.233 1.159
---
-167.414 1.623 134.524 0.917
-168.885 1.814 135.739 0.895
-170.812 1.823 137.003 0.879
-172.640 1.938 138.359 0.888
-173.625 20.350 139.700 0.899
-143.369 103.687 141.021 0.900
-18.526 177.331 142.333 0.862
130.372 119.865 143.663 0.886
171.451 31.422 144.907 0.897
170.741 2.539 146.110 0.935
167.028 2.709 147.267 0.904
163.090 2.674 148.350 0.947
158.576 2.762 149.333 0.978
153.753 2.696 150.095 1.029
148.845 2.661 150.759 1.091
143.529 2.621 151.179 1.149
138.214 2.670 151.489 1.182
132.828 2.459 151.507 1.227
127.206 2.279 151.275 1.313
121.982 2.085 150.906 1.287
116.868 1.978 150.273 1.354
112.027 1.721 149.389 1.355
107.623 1.579 148.526 1.347
103.412 1.435 147.434 1.386
99.610 1.345 146.329 1.359
96.158 1.325 145.128 1.352
92.942 1.208 143.851 1.301
90.042 1.105 142.512 1.286
87.424 1.051 141.210 1.242
85.050 1.018 139.917 1.245
82.793 1.010 138.515 1.197
80.916 0.938 137.201 1.205
---
-164.724 1.694 135.271 0.836
-166.398 1.692 136.567 0.901
-168.157 1.919 137.962 0.909
-169.892 2.001 139.336 0.854
-172.077 2.060 140.722 0.871
-172.657 24.624 142.168 0.924
-147.361 97.285 143.614 0.891
-17.812 177.155 145.035 0.874
132.353 117.210 146.415 0.889
170.483 33.301 147.805 0.906
169.853 2.794 149.075 0.922
165.418 2.868 150.293 0.972
160.980 3.027 151.388 0.988
155.816 3.138 152.289 1.035
150.232 3.239 153.001 1.103
144.434 2.911 153.512 1.138
138.577 2.811 153.748 1.198
132.525 2.768 153.797 1.273
126.437 2.519 153.528 1.295
120.685 2.250 153.125 1.336
115.114 2.045 152.398 1.418
109.931 1.872 151.564 1.386
105.153 1.659 150.506 1.357
100.720 1.536 149.304 1.381
96.911 1.428 147.989 1.373
93.351 1.337 146.602 1.388
90.099 1.317 145.256 1.363
87.209 1.175 143.876 1.355
84.582 1.132 142.391 1.298
82.305 1.045 141.025 1.263
80.110 1.037 139.567 1.191
78.249 1.021 138.065 1.205
---
-162.064 1.803 136.020 0.923
-163.680 1.834 137.348 0.896
-165.220 1.877 138.838 0.930
-167.032 1.943 140.294 0.910
-168.959 2.222 141.804 0.942
-171.304 2.247 143.371 0.905
-171.709 26.562 144.880 0.905
-142.641 103.740 146.437 0.895
-13.838 177.202 147.884 0.906
130.475 118.684 149.447 0.862
167.929 40.701 150.882 0.924
168.340 3.064 152.209 0.932
163.408 3.214 153.429 0.985
157.956 3.465 154.461 1.014
151.992 3.411 155.326 1.087
145.478 3.385 155.860 1.126
138.933 3.211 156.173 1.200
132.192 3.028 156.214 1.290
125.447 2.713 155.972 1.367
119.048 2.465 155.417 1.395
112.968 2.223 154.589 1.439
107.428 1.927 153.590 1.454
102.295 1.754 152.399 1.448
97.838 1.654 151.111 1.411
93.650 1.456 149.723 1.444
90.132 1.425 148.208 1.407
86.874 1.300 146.683 1.322
84.023 1.285 145.098 1.367
81.460 1.202 143.624 1.294
79.268 1.151 142.053 1.237
77.214 1.122 140.516 1.281
75.365 1.087 139.026 1.220
---
-159.389 1.734 136.719 0.958
-160.651 1.896 138.113 0.899
-162.234 1.941 139.606 0.923
-163.860 2.037 141.143 0.931
-165.736 2.228 142.803 0.931
-167.890 2.369 144.445 0.953
-170.365 2.498 146.063 0.924
-170.950 26.334 147.739 0.945
-145.263 99.097 149.462 0.896
-13.103 177.105 151.089 0.911
132.190 116.073 152.663 0.940
168.100 35.158 154.167 0.934
166.601 3.693 155.527 0.933
160.519 3.892 156.684 1.000
154.075 3.869 157.657 1.082
146.997 3.848 158.329 1.092
139.343 3.651 158.699 1.224
131.857 3.437 158.794 1.298
124.169 2.976 158.422 1.373
116.942 2.732 157.829 1.451
110.318 2.416 156.900 1.506
104.370 2.042 155.751 1.468
98.928 1.862 154.390 1.510
94.251 1.689 152.927 1.511
90.077 1.558 151.329 1.480
86.432 1.459 149.700 1.413
83.392 1.398 148.022 1.427
80.538 1.382 146.385 1.289
78.163 1.288 144.698 1.339
75.942 1.238 143.093 1.267
73.949 1.227 141.533 1.281
72.271 1.154 139.886 1.218
---
-156.437 1.749 137.309 0.913
-157.645 1.813 138.820 0.936
-159.033 1.993 140.394 0.918
-160.607 2.049 142.047 0.947
-162.277 2.284 143.733 0.927
-164.296 2.490 145.478 0.940
-166.416 2.560 147.203 0.966
-169.226 2.801 149.013 0.938
-170.231 24.752 150.853 0.930
-145.371 97.734 152.653 0.914
-24.184 175.278 154.404 0.905
132.385 114.786 156.105 0.881
165.681 38.989 157.606 0.946
163.851 4.302 158.969 0.971
156.825 4.576 160.108 1.023
148.858 4.461 160.871 1.115
140.050 4.319 161.282 1.230
131.374 3.967 161.380 1.345
122.704 3.394 161.016 1.414
114.424 2.937 160.279 1.464
107.013 2.538 159.171 1.547
100.717 2.189 157.928 1.521
94.980 1.985 156.325 1.512
90.169 1.829 154.680 1.486
85.996 1.706 152.901 1.471
82.433 1.564 151.103 1.431
79.413 1.502 149.331 1.370
76.753 1.475 147.442 1.350
74.463 1.398 145.748 1.333
72.456 1.328 143.993 1.265
70.579 1.310 142.345 1.280
69.109 1.245 140.679 1.221
---
-153.326 1.786 137.888 0.957
-154.377 1.873 139.446 0.937
-155.613 2.010 140.996 0.985
-157.059 2.072 142.759 0.961
-158.526 2.351 144.636 0.983
-160.393 2.518 146.404 1.002
-162.476 2.678 148.339 0.960
-164.744 2.870 150.201 0.976
-167.668 3.150 152.186 0.929
-168.134 30.672 154.169 0.897
-145.151 96.754 156.043 0.890
-11.288 176.204 157.905 0.907
122.305 124.338 159.657 0.919
164.777 34.444 161.216 0.942
159.857 9.471 162.517 1.015
151.271 5.359 163.495 1.113
141.131 4.960 164.044 1.197
130.629 4.666 164.046 1.359
120.587 3.946 163.640 1.502
111.084 3.375 162.722 1.579
102.933 2.880 161.487 1.596
95.912 2.445 159.900 1.524
90.129 2.258 158.176 1.584
85.349 1.926 156.396 1.548
81.290 1.836 154.377 1.455
77.905 1.786 152.408 1.445
75.013 1.703 150.495 1.435
72.639 1.581 148.552 1.332
70.499 1.521 146.684 1.368
68.700 1.426 144.819 1.295
67.081 1.368 143.035 1.302
65.664 1.333 141.362 1.277
---
-150.118 1.746 138.285 0.981
-151.143 1.836 140.004 0.975
-152.106 2.060 141.637 0.990
-153.308 2.136 143.475 1.019
-154.623 2.300 145.345 0.985
-156.196 2.502 147.260 1.007
-157.922 2.702 149.169 1.001
-160.082 2.966 151.223 0.971
-162.638 3.312 153.367 0.973
-165.712 3.800 155.450 0.960
-166.686 29.899 157.551 0.950
-142.467 99.130 159.652 0.916
-15.523 175.183 161.567 0.898
125.833 118.357 163.399 0.958
161.306 35.572 164.932 0.945
154.615 6.397 166.100 1.049
142.354 6.153 166.754 1.229
129.733 5.534 166.848 1.397
117.531 4.602 166.323 1.494
106.678 3.639 165.174 1.529
97.470 3.035 163.710 1.590
90.167 2.601 161.956 1.619
84.270 2.420 159.908 1.556
79.716 2.205 157.860 1.544
75.829 2.060 155.757 1.524
72.803 1.950 153.689 1.445
70.208 1.833 151.543 1.370
68.078 1.728 149.491 1.392
66.234 1.674 147.534 1.342
64.715 1.564 145.586 1.330
63.395 1.460 143.700 1.242
62.138 1.377 141.888 1.247
---
-146.910 1.705 138.762 0.978
-147.692 1.854 140.400 1.001
-148.498 2.033 142.149 0.990
-149.452 2.175 144.011 1.011
-150.485 2.295 145.899 1.067
-151.644 2.505 147.888 1.025
-153.165 2.755 149.965 1.050
-155.226 3.039 152.130 1.052
-157.187 3.369 154.312 1.028
-159.814 3.782 156.591 1.010
-162.904 4.283 158.868 0.973
-165.147 25.645 161.121 0.950
-139.302 100.770 163.338 0.881
-19.204 173.684 165.409 0.920
117.326 123.871 167.271 0.928
156.459 31.406 168.728 1.008
144.610 10.740 169.582 1.183
128.451 7.157 169.597 1.421
112.892 5.531 168.918 1.525
100.153 4.206 167.592 1.611
90.239 3.415 165.799 1.609
82.906 3.018 163.628 1.599
77.514 2.800 161.461 1.553
73.332 2.511 159.235 1.515
69.818 2.425 156.904 1.487
67.258 2.152 154.694 1.408
65.111 2.088 152.501 1.418
63.290 1.948 150.332 1.327
61.816 1.794 148.189 1.311
60.452 1.696 146.237 1.286
59.482 1.565 144.258 1.221
58.424 1.523 142.378 1.206
---
-143.527 1.641 139.041 1.005
-144.035 1.786 140.716 1.003
-144.612 1.891 142.533 1.044
-145.411 2.052 144.407 1.061
-146.129 2.255 146.377 1.065
-147.170 2.483 148.452 1.104
-148.190 2.764 150.576 1.083
-149.653 2.936 152.894 1.100
-151.295 3.307 155.125 1.088
-153.104 3.884 157.577 1.065
-155.919 4.399 160.020 1.044
-159.061 4.985 162.432 1.037
-161.729 24.969 164.838 0.961
-140.596 94.362 167.214 0.916
-14.123 172.004 169.446 0.892
112.803 122.086 171.200 0.945
145.664 29.700 172.342 1.141
125.570 11.882 172.442 1.482
105.516 7.037 171.528 1.600
90.363 4.970 169.816 1.711
80.328 4.104 167.659 1.644
74.048 3.672 165.209 1.565
69.338 3.373 162.766 1.551
65.805 2.955 160.304 1.503
63.249 2.706 157.866 1.464
61.150 2.463 155.525 1.441
59.448 2.269 153.131 1.350
58.163 2.145 150.943 1.284
57.088 1.909 148.782 1.254
56.099 1.895 146.717 1.266
55.395 1.702 144.704 1.208
54.706 1.583 142.827 1.146
---
-140.127 1.698 139.245 1.057
-140.400 1.758 140.919 1.079
-140.809 1.852 142.745 1.062
-141.284 2.021 144.682 1.139
-141.703 2.166 146.717 1.115
-142.247 2.410 148.831 1.120
-143.131 2.594 151.006 1.143
-143.775 2.929 153.283 1.130
-144.924 3.314 155.749 1.177
-146.165 3.753 158.163 1.130
-147.800 4.303 160.668 1.141
-150.091 5.295 163.314 1.135
-153.281 6.550 165.943 1.090
-155.365 29.934 168.630 1.006
-130.138 100.923 171.128 0.962
-18.393 167.231 173.457 0.894
112.554 108.386 175.103 1.012
117.982 32.686 175.264 1.505
90.790 9.128 173.865 1.713
75.509 6.585 171.564 1.628
67.684 5.512 168.999 1.622
63.166 4.567 166.298 1.501
59.866 3.910 163.643 1.483
57.695 3.457 161.041 1.382
55.955 3.006 158.501 1.391
54.670 2.729 156.082 1.336
53.724 2.425 153.667 1.302
52.870 2.281 151.341 1.317
52.199 1.999 149.089 1.242
51.663 1.962 147.011 1.241
51.110 1.796 144.988 1.146
50.690 1.652 143.037 1.153
---
-136.673 1.624 139.316 1.045
-136.710 1.664 141.052 1.057
-136.904 1.811 142.898 1.114
-137.118 1.910 144.798 1.130
-137.017 2.097 146.827 1.150
-137.428 2.380 148.981 1.155
-137.782 2.528 151.267 1.181
-137.982 2.903 153.557 1.248
-138.327 3.198 155.989 1.244
-138.903 3.525 158.619 1.222
-139.304 4.121 161.107 1.238
-140.275 4.888 163.819 1.214
-141.379 6.003 166.596 1.217
-142.777 10.531 169.317 1.224
-142.716 33.935 172.165 1.170
-119.647 94.659 174.946 1.071
-12.684 150.471 177.264 0.959
66.437 73.190 177.662 1.317
60.414 17.273 175.385 1.503
54.708 9.966 172.519 1.466
52.262 7.071 169.716 1.402
50.461 5.692 166.946 1.342
49.679 4.581 164.100 1.362
48.969 3.959 161.427 1.338
48.419 3.378 158.843 1.303
48.175 2.959 156.323 1.307
47.724 2.715 153.866 1.264
47.361 2.384 151.581 1.218
47.263 2.224 149.294 1.230
47.023 2.111 147.140 1.245
47.011 1.933 145.029 1.165
46.784 1.794 143.167 1.122
---
-133.197 1.547 139.307 1.066
-133.125 1.588 141.010 1.132
-133.034 1.734 142.890 1.150
-132.828 1.883 144.846 1.173
-132.582 2.018 146.879 1.166
-132.482 2.234 149.045 1.158
-132.098 2.470 151.181 1.230
-132.043 2.690 153.621 1.266
-131.636 2.906 155.993 1.275
-131.192 3.383 158.522 1.322
-130.671 3.806 161.107 1.372
-129.905 4.579 163.817 1.366
-128.691 5.375 166.539 1.403
-127.277 6.829 169.358 1.426
-123.900 9.158 172.160 1.474
-116.544 27.125 174.983 1.514
-70.803 64.675 177.418 1.425
-2.837 38.992 177.347 0.964
22.654 19.803 175.182 1.047
31.355 11.826 172.505 1.151
35.311 8.363 169.716 1.203
37.781 6.318 166.864 1.243
39.213 5.077 164.120 1.224
40.158 4.214 161.424 1.207
40.738 3.605 158.816 1.199
41.334 3.256 156.283 1.208
41.727 2.907 153.830 1.194
41.989 2.542 151.447 1.207
42.345 2.369 149.226 1.204
42.460 2.142 147.146 1.148
42.536 1.983 145.086 1.152
42.761 1.863 143.120 1.161
---
-129.905 1.515 139.288 1.099
-129.514 1.543 140.978 1.116
-129.039 1.621 142.796 1.136
-128.593 1.776 144.677 1.182
-128.101 1.946 146.715 1.264
-127.484 2.008 148.793 1.193
-126.824 2.269 151.055 1.260
-126.058 2.466 153.312 1.318
-125.022 2.777 155.712 1.376
-123.778 3.154 158.179 1.406
-122.127 3.354 160.748 1.440
-119.912 3.869 163.324 1.505
-116.865 4.452 165.998 1.531
-112.143 5.347 168.655 1.582
-104.499 6.273 171.086 1.615
-90.389 8.288 173.491 1.699
-62.693 15.012 175.003 1.515
-26.489 19.209 175.077 1.105
-1.600 15.112 173.543 0.903
12.263 10.990 171.330 0.936
20.308 8.139 168.871 0.997
25.582 6.472 166.237 1.080
29.153 5.260 163.565 1.098
31.381 4.524 160.962 1.137
33.356 3.868 158.404 1.135
34.578 3.335 155.961 1.138
35.673 3.011 153.548 1.151
36.623 2.615 151.278 1.101
37.272 2.428 149.052 1.104
37.763 2.267 146.942 1.084
38.468 2.109 144.915 1.110
38.944 1.862 143.026 1.046
---
-126.282 1.360 138.942 1.098
-125.852 1.507 140.706 1.176
-125.180 1.631 142.457 1.201
-124.499 1.668 144.437 1.165
-123.733 1.801 146.413 1.210
-122.798 1.963 148.469 1.338
-121.613 2.054 150.597 1.346
-120.235 2.216 152.825 1.369
-118.569 2.388 155.168 1.376
-116.655 2.644 157.499 1.486
-114.160 2.836 159.971 1.462
-110.696 3.151 162.421 1.520
-106.075 3.556 164.834 1.589
-99.845 4.032 167.207 1.633
-90.402 4.670 169.351 1.720
-76.093 6.476 171.247 1.663
-56.762 9.396 172.274 1.476
-33.913 11.375 172.263 1.182
-14.817 10.608 171.252 0.944
-0.741 9.233 169.524 0.875
8.555 7.681 167.360 0.904
15.066 6.378 165.039 0.978
20.129 5.207 162.620 0.989
23.396 4.559 160.223 1.052
26.024 3.909 157.781 1.049
28.304 3.491 155.432 1.080
29.797 3.088 153.085 1.079
31.224 2.694 150.816 1.053
32.421 2.443 148.692 1.069
33.292 2.327 146.640 1.094
34.251 2.118 144.659 1.053
34.944 1.963 142.722 1.026
---
-123.122 1.397 138.755 1.146
-122.242 1.436 140.361 1.185
-121.494 1.464 142.130 1.189
-120.442 1.565 143.978 1.250
-119.505 1.605 145.948 1.209
-118.104 1.803 147.881 1.286
-116.645 1.918 149.980 1.348
-114.748 2.014 152.106 1.400
-112.670 2.120 154.340 1.357
-110.197 2.288 156.617 1.445
-106.723 2.537 158.887 1.484
-102.684 2.749 161.175 1.570
-97.296 2.985 163.324 1.608
-90.317 3.341 165.442 1.618
-80.743 4.043 167.237 1.692
-68.509 5.236 168.711 1.597
-53.261 6.919 169.417 1.440
-37.533 7.823 169.466 1.206
-22.455 8.130 168.670 1.028
-9.972 7.646 167.314 0.926
-0.656 6.596 165.578 0.866
6.338 5.848 163.512 0.902
11.857 5.040 161.273 0.946
16.127 4.336 159.088 0.969
19.537 3.887 156.808 1.003
22.282 3.372 154.528 0.998
24.363 3.049 152.350 1.017
26.127 2.753 150.234 1.011
27.813 2.590 148.070 1.049
29.132 2.386 146.141 1.044
30.289 2.032 144.161 0.987
31.281 1.965 142.336 0.979
---
-119.716 1.279 138.303 1.174
-118.794 1.322 139.932 1.121
-117.753 1.423 141.671 1.290
-116.604 1.492 143.438 1.206
-115.236 1.515 145.294 1.319
-113.696 1.590 147.247 1.340
-111.792 1.750 149.186 1.342
-109.683 1.793 151.224 1.428
-107.128 1.943 153.332 1.484
-104.174 2.042 155.447 1.501
-100.421 2.231 157.591 1.537
-95.919 2.361 159.648 1.588
-90.179 2.572 161.549 1.590
-82.946 2.978 163.416 1.608
-74.228 3.601 164.904 1.609
-63.736 4.630 166.004 1.572
-51.829 5.484 166.619 1.433
-38.937 6.039 166.673 1.252
-26.974 6.357 166.045 1.103
-16.415 6.141 164.959 0.954
-7.686 5.746 163.467 0.893
-0.558 5.196 161.707 0.898
5.252 4.611 159.742 0.883
9.753 4.103 157.705 0.919
13.427 3.677 155.622 0.956
16.840 3.287 153.549 0.961
19.308 3.068 151.440 0.975
21.474 2.724 149.414 0.966
23.284 2.608 147.397 1.019
24.870 2.349 145.476 1.018
26.435 2.158 143.647 0.984
27.463 2.004 141.825 0.967
---
-116.590 1.199 137.835 1.116
-115.459 1.297 139.419 1.205
-114.254 1.293 141.027 1.192
-112.857 1.399 142.772 1.248
-111.331 1.406 144.511 1.330
-109.474 1.475 146.381 1.325
-107.418 1.597 148.266 1.375
-105.041 1.656 150.223 1.443
-102.186 1.735 152.212 1.489
-98.847 1.840 154.136 1.505
-94.866 1.992 156.103 1.566
-90.143 2.138 157.806 1.625
-84.456 2.307 159.573 1.605
-77.544 2.687 161.205 1.596
-69.679 3.188 162.542 1.547
-60.430 3.844 163.442 1.481
-50.504 4.536 163.849 1.362
-40.089 5.011 163.941 1.279
-29.947 5.217 163.396 1.126
-21.142 5.134 162.478 1.017
-13.253 4.903 161.265 0.945
-6.203 4.534 159.717 0.886
-0.733 4.255 158.027 0.904
4.356 3.943 156.114 0.936
8.317 3.538 154.297 0.917
11.692 3.149 152.291 0.982
14.589 2.897 150.356 0.924
17.057 2.742 148.462 0.975
19.131 2.499 146.549 0.957
20.888 2.336 144.793 0.987
22.553 2.136 142.935 0.946
23.965 2.022 141.162 0.999
---
-113.526 1.106 137.266 1.143
-112.233 1.170 138.844 1.182
-110.927 1.189 140.337 1.190
-109.329 1.254 141.973 1.219
-107.548 1.347 143.797 1.309
-105.573 1.395 145.418 1.314
-103.291 1.415 147.205 1.328
-100.654 1.513 149.054 1.443
-97.695 1.613 150.848 1.449
-94.204 1.665 152.686 1.491
-90.168 1.768 154.328 1.527
-85.506 1.968 155.990 1.515
-79.859 2.180 157.607 1.536
-73.492 2.575 158.915 1.601
-66.231 2.855 160.024 1.475
-58.230 3.390 160.828 1.426
-49.887 3.799 161.127 1.374
-40.790 4.280 161.174 1.255
-32.540 4.331 160.796 1.155
-24.489 4.339 160.004 1.045
-17.193 4.246 158.948 0.964
-10.849 4.167 157.633 0.940
-5.188 3.879 156.152 0.922
-0.458 3.696 154.481 0.905
3.637 3.196 152.764 0.909
7.285 3.040 150.967 0.961
10.241 2.887 149.195 0.912
12.903 2.751 147.392 0.931
15.294 2.386 145.584 0.942
17.233 2.328 143.910 0.959
19.073 2.152 142.186 0.970
20.617 1.967 140.522 0.973
---
-110.528 1.032 136.649 1.116
-109.206 1.073 138.165 1.114
-107.652 1.152 139.674 1.188
-105.984 1.185 141.128 1.227
-104.134 1.211 142.813 1.301
-101.952 1.231 144.452 1.285
-99.607 1.364 146.162 1.342
-96.813 1.369 147.742 1.432
-93.676 1.473 149.414 1.424
-90.035 1.573 151.017 1.440
-86.051 1.673 152.679 1.447
-81.459 1.817 154.080 1.471
-76.117 2.032 155.548 1.513
-70.186 2.361 156.631 1.493
-63.718 2.613 157.584 1.444
-56.515 2.963 158.228 1.411
-49.081 3.319 158.557 1.354
-41.391 3.573 158.636 1.227
-33.887 3.724 158.309 1.157
-26.843 3.823 157.645 1.103
-20.312 3.772 156.679 1.024
-14.424 3.711 155.557 0.968
-8.973 3.559 154.217 0.952
-4.501 3.283 152.758 0.922
-0.262 3.048 151.157 0.918
3.391 2.896 149.528 0.933
6.405 2.802 147.916 0.911
9.233 2.557 146.214 0.909
11.580 2.415 144.590 0.915
13.726 2.259 142.911 0.948
15.742 2.076 141.336 0.972
17.318 1.911 139.811 0.899
---
-107.771 0.951 135.901 1.111
-106.334 1.023 137.410 1.181
-104.613 1.069 138.815 1.181
-102.876 1.124 140.318 1.246
-100.868 1.152 141.748 1.288
-98.650 1.188 143.365 1.346
-96.110 1.270 144.862 1.327
-93.275 1.290 146.456 1.402
-90.088 1.330 147.943 1.455
-86.577 1.450 149.405 1.417
-82.521 1.582 150.899 1.461
-78.057 1.719 152.199 1.446
-73.130 1.929 153.327 1.388
-67.578 2.130 154.326 1.450
-61.571 2.409 155.174 1.402
-55.242 2.738 155.768 1.356
-48.591 2.840 156.075 1.269
-41.938 3.095 156.024 1.266
-35.272 3.326 155.826 1.178
-28.917 3.359 155.238 1.048
-22.923 3.362 154.450 1.062
-17.563 3.275 153.399 0.955
-12.383 3.151 152.265 0.921
-7.920 3.066 150.950 0.921
-3.839 2.945 149.496 0.896
-0.286 2.771 148.037 0.957
2.819 2.616 146.573 0.916
5.733 2.379 144.940 0.894
8.253 2.410 143.478 0.914
10.460 2.158 141.903 0.939
12.529 1.930 140.447 0.913
14.396 1.907 138.958 0.921
---
-105.082 0.945 135.298 1.116
-103.508 0.982 136.600 1.204
-101.857 0.998 137.932 1.240
-99.917 0.989 139.270 1.225
-97.808 1.106 140.704 1.267
-95.518 1.118 142.113 1.283
-92.924 1.160 143.592 1.295
-90.108 1.243 145.005 1.310
-86.892 1.312 146.441 1.338
-83.393 1.408 147.822 1.416
-79.499 1.485 149.023 1.418
-75.139 1.687 150.205 1.385
-70.566 1.786 151.306 1.409
-65.424 1.922 152.217 1.361
-59.927 2.213 152.878 1.347
-54.191 2.458 153.433 1.332
-48.283 2.702 153.618 1.268
-42.257 2.851 153.631 1.210
-36.320 2.912 153.370 1.154
-30.620 2.986 152.901 1.078
-24.961 3.060 152.231 1.025
-19.913 2.985 151.340 0.999
-15.240 2.986 150.300 0.939
-10.954 2.801 149.153 0.943
-7.176 2.791 147.877 0.930
-3.551 2.490 146.533 0.869
-0.151 2.446 145.136 0.892
2.742 2.396 143.719 0.890
5.175 2.230 142.229 0.866
7.626 2.067 140.840 0.927
9.587 2.011 139.410 0.959
11.598 1.903 138.030 0.923
---
-102.536 0.903 134.553 1.080
-100.904 0.913 135.809 1.149
-99.110 0.943 137.070 1.129
-97.209 1.006 138.319 1.194
-94.954 0.967 139.641 1.290
-92.719 1.099 141.035 1.281
-90.065 1.106 142.302 1.314
-87.282 1.181 143.560 1.290
-84.118 1.251 144.844 1.310
-80.653 1.320 146.123 1.421
-76.893 1.478 147.285 1.367
-72.731 1.615 148.294 1.396
-68.355 1.663 149.252 1.391
-63.572 1.877 150.045 1.336
-58.554 2.052 150.620 1.333
-53.341 2.284 151.053 1.273
-47.928 2.399 151.310 1.223
-42.544 2.563 151.263 1.199
-37.212 2.601 151.041 1.138
-31.786 2.785 150.649 1.096
-26.710 2.724 150.138 1.029
-22.029 2.743 149.282 0.989
-17.573 2.615 148.372 0.969
-13.423 2.580 147.384 0.921
-9.848 2.447 146.204 0.946
-6.256 2.478 144.975 0.915
-3.178 2.335 143.680 0.900
-0.164 2.198 142.325 0.885
2.314 2.073 141.128 0.868
4.694 2.082 139.797 0.891
6.821 1.953 138.445 0.863
8.796 1.803 137.172 0.887
---
-100.214 0.839 133.680 1.122
-98.443 0.895 134.875 1.141
-96.661 0.895 136.102 1.153
-94.579 0.965 137.280 1.261
-92.472 0.970 138.528 1.197
-90.045 1.015 139.744 1.258
-87.478 1.062 140.995 1.317
-84.600 1.152 142.162 1.306
-81.502 1.193 143.314 1.301
-78.234 1.308 144.524 1.308
-74.613 1.363 145.459 1.346
-70.780 1.461 146.398 1.354
-66.479 1.654 147.320 1.283
-62.055 1.800 147.923 1.310
-57.388 1.940 148.528 1.320
-52.613 2.069 148.839 1.291
-47.769 2.162 149.043 1.205
-42.768 2.262 149.056 1.196
-37.768 2.447 148.894 1.136
-32.994 2.392 148.518 1.088
-28.329 2.572 147.994 1.054
-23.743 2.530 147.346 1.010
-19.746 2.529 146.485 0.965
-15.808 2.337 145.578 0.946
-12.053 2.459 144.529 0.963
-8.765 2.331 143.410 0.905
-5.710 2.204 142.253 0.875
-2.775 2.106 141.069 0.912
-0.120 1.999 139.882 0.877
2.133 1.927 138.584 0.899
4.427 1.913 137.411 0.860
6.296 1.726 136.178 0.894
---
-97.855 0.834 132.875 1.068
-96.180 0.828 134.012 1.100
-94.289 0.895 135.095 1.155
-92.272 0.865 136.186 1.181
-90.080 0.930 137.425 1.191
-87.725 1.015 138.527 1.243
-85.056 1.054 139.660 1.280
-82.323 1.107 140.710 1.237
-79.321 1.134 141.803 1.324
-76.060 1.235 142.850 1.346
-72.569 1.279 143.753 1.270
-68.930 1.423 144.559 1.274
-64.991 1.584 145.340 1.275
-60.787 1.725 146.013 1.270
-56.573 1.738 146.489 1.253
-52.025 1.854 146.759 1.210
-47.518 2.027 146.957 1.191
-42.838 2.129 146.953 1.137
-38.407 2.139 146.784 1.085
-33.979 2.321 146.391 1.051
-29.571 2.303 146.003 1.034
-25.401 2.251 145.378 1.032
-21.455 2.369 144.582 0.958
-17.714 2.195 143.770 0.937
-14.372 2.230 142.923 0.903
-11.052 2.135 141.865 0.927
-7.951 2.059 140.893 0.921
-5.099 2.070 139.698 0.879
-2.605 1.872 138.626 0.868
-0.270 1.945 137.457 0.859
2.157 1.777 136.363 0.887
3.971 1.766 135.208 0.882
---
-95.756 0.780 132.033 1.094
-93.988 0.833 133.117 1.075
-92.100 0.870 134.130 1.129
-90.087 0.854 135.236 1.112
-87.850 0.875 136.253 1.143
-85.502 0.909 137.324 1.154
-82.990 0.983 138.327 1.163
-80.226 1.059 139.382 1.191
-77.296 1.090 140.291 1.222
-74.109 1.157 141.243 1.253
-70.860 1.282 142.041 1.267
-67.289 1.403 142.828 1.301
-63.588 1.429 143.516 1.255
-59.647 1.599 144.004 1.249
-55.638 1.718 144.429 1.213
-51.548 1.786 144.790 1.208
-47.349 1.905 144.915 1.150
-43.107 1.945 144.907 1.132
-38.841 2.028 144.782 1.064
-34.750 2.059 144.489 1.080
-30.638 2.179 144.102 1.024
-26.868 2.129 143.487 0.973
-23.096 2.101 142.851 0.973
-19.607 2.042 142.133 0.947
-16.148 2.147 141.274 0.914
-12.958 2.002 140.330 0.923
-10.106 1.997 139.445 0.899
-7.457 1.904 138.372 0.869
-4.728 1.860 137.399 0.864
-2.321 1.784 136.321 0.893
-0.124 1.690 135.312 0.840
1.882 1.690 134.215 0.855
---
-93.718 0.727 131.181 1.078
-92.000 0.773 132.202 1.040
-90.070 0.807 133.180 1.086
-88.031 0.835 134.154 1.111
-85.806 0.881 135.154 1.109
-83.400 0.898 136.146 1.180
-80.974 0.938 137.103 1.154
-78.297 1.022 137.916 1.204
-75.482 1.081 138.818 1.150
-72.430 1.154 139.684 1.184
-69.244 1.158 140.375 1.218
-65.913 1.322 141.115 1.217
-62.444 1.409 141.691 1.211
-58.668 1.488 142.181 1.189
-54.969 1.568 142.568 1.174
-51.094 1.716 142.800 1.177
-47.220 1.737 142.950 1.116
-43.165 1.837 142.972 1.197
-39.213 1.930 142.836 1.106
-35.462 2.000 142.569 1.091
-31.650 1.936 142.193 1.009
-27.945 2.035 141.726 1.025
-24.349 2.113 141.181 0.954
-21.085 1.924 140.467 0.962
-17.789 1.982 139.735 0.924
-14.770 1.931 138.916 0.930
-12.029 2.000 138.087 0.881
-9.224 1.817 137.100 0.899
-6.755 1.799 136.138 0.857
-4.471 1.701 135.263 0.880
-2.332 1.650 134.181 0.840
-0.095 1.589 133.206 0.873
