phi std_phi theta std_theta
---
-139.008 110.964 46.334 0.852
17.870 177.759 45.324 0.801
144.506 102.981 44.210 0.878
172.740 30.381 43.166 0.868
172.667 1.836 42.241 0.901
170.059 1.945 41.207 0.858
167.323 2.060 40.284 0.914
164.175 2.064 39.350 0.904
160.915 2.066 38.561 0.912
157.424 2.054 37.833 0.976
153.822 2.151 37.154 0.992
150.086 2.104 36.586 1.038
146.155 2.046 36.177 1.037
142.074 1.994 35.856 1.083
138.093 1.946 35.630 1.123
133.843 1.961 35.650 1.179
129.695 1.825 35.693 1.221
125.605 1.653 35.974 1.193
121.655 1.530 36.396 1.231
117.715 1.477 36.856 1.269
114.117 1.331 37.489 1.214
110.590 1.313 38.093 1.237
107.224 1.164 38.988 1.230
104.005 1.109 39.871 1.270
101.033 1.025 40.808 1.216
98.295 0.983 41.696 1.190
95.741 0.925 42.713 1.204
93.338 0.894 43.783 1.175
91.138 0.879 44.787 1.184
88.974 0.858 45.887 1.154
87.014 0.815 46.870 1.093
85.197 0.766 47.943 1.072
---
-168.905 49.575 45.346 0.866
-138.940 110.925 44.213 0.864
14.320 178.000 43.134 0.856
143.364 104.254 41.991 0.889
173.274 23.651 40.844 0.913
172.252 2.099 39.816 0.881
169.278 2.097 38.763 0.892
165.981 2.159 37.825 0.950
162.639 2.269 36.875 0.937
159.069 2.213 36.065 0.974
155.190 2.231 35.300 1.004
151.335 2.222 34.642 1.004
146.961 2.224 34.138 1.070
142.612 2.215 33.854 1.110
138.162 2.035 33.636 1.113
133.700 2.006 33.593 1.150
129.219 1.916 33.703 1.211
124.913 1.785 34.071 1.215
120.641 1.659 34.419 1.225
116.477 1.524 34.943 1.272
112.655 1.455 35.608 1.268
108.842 1.325 36.446 1.306
105.346 1.188 37.449 1.275
102.070 1.200 38.269 1.290
99.030 1.083 39.329 1.214
96.245 1.038 40.416 1.259
93.591 1.015 41.532 1.242
91.170 0.933 42.560 1.182
88.884 0.889 43.774 1.128
86.823 0.858 44.839 1.141
84.920 0.862 45.940 1.125
83.145 0.791 47.130 1.092
---
-173.737 1.662 44.419 0.898
-172.414 34.050 43.218 0.867
-128.183 122.948 41.975 0.898
21.607 177.123 40.759 0.867
141.016 107.120 39.636 0.882
171.976 28.948 38.453 0.891
171.009 10.766 37.310 0.933
168.098 2.335 36.220 0.895
164.641 2.390 35.259 0.939
160.781 2.383 34.261 0.977
156.868 2.441 33.399 0.996
152.554 2.466 32.771 1.036
148.032 2.443 32.174 1.080
143.324 2.465 31.775 1.080
138.517 2.310 31.531 1.186
133.711 2.203 31.532 1.183
128.755 2.017 31.651 1.229
124.058 1.909 31.939 1.290
119.513 1.790 32.405 1.262
115.160 1.686 33.015 1.319
110.897 1.512 33.847 1.329
107.041 1.422 34.676 1.327
103.360 1.276 35.751 1.345
99.932 1.202 36.751 1.365
96.819 1.155 37.811 1.224
93.905 1.049 39.072 1.284
91.238 1.038 40.273 1.248
88.861 0.962 41.485 1.203
86.601 0.959 42.596 1.229
84.536 0.907 43.880 1.165
82.623 0.853 45.031 1.128
80.937 0.855 46.209 1.103
---
-171.272 1.746 43.469 0.886
-173.264 1.857 42.184 0.910
-171.708 35.270 40.900 0.847
-131.766 118.835 39.553 0.888
19.043 177.176 38.319 0.864
143.899 102.638 37.001 0.916
171.735 26.072 35.809 0.949
170.457 2.498 34.583 0.904
166.962 2.450 33.448 0.949
162.921 2.635 32.361 0.975
158.589 2.669 31.475 0.976
154.044 2.705 30.689 1.006
149.206 2.648 29.978 1.041
144.107 2.644 29.584 1.114
138.946 2.499 29.258 1.177
133.600 2.529 29.314 1.216
128.316 2.223 29.395 1.272
123.160 2.096 29.813 1.281
118.114 1.898 30.355 1.366
113.364 1.761 31.038 1.335
108.915 1.516 31.918 1.322
104.785 1.496 32.995 1.384
101.032 1.357 33.956 1.358
97.445 1.222 35.247 1.296
94.300 1.159 36.401 1.307
91.386 1.140 37.691 1.324
88.759 1.062 38.990 1.264
86.286 1.020 40.285 1.237
84.126 0.977 41.589 1.194
82.052 0.941 42.875 1.175
80.253 0.924 44.187 1.190
78.525 0.878 45.393 1.111
---
-168.821 1.868 42.556 0.896
-170.652 2.001 41.179 0.887
-172.728 2.057 39.793 0.925
-169.351 43.721 38.393 0.886
-130.742 119.591 36.966 0.912
15.815 177.352 35.610 0.913
145.126 100.446 34.262 0.929
171.404 24.606 32.933 0.899
169.519 2.739 31.649 0.946
165.227 2.756 30.508 0.944
160.747 2.914 29.445 1.013
155.713 2.867 28.549 1.009
150.493 2.936 27.835 1.115
144.917 2.775 27.322 1.129
139.213 2.811 27.007 1.178
133.260 2.545 27.032 1.263
127.608 2.450 27.148 1.309
121.922 2.253 27.546 1.324
116.511 2.022 28.201 1.390
111.364 1.886 29.047 1.400
106.687 1.589 30.043 1.391
102.291 1.530 31.104 1.399
98.396 1.342 32.363 1.364
94.813 1.313 33.662 1.388
91.506 1.234 34.961 1.355
88.525 1.115 36.301 1.292
85.871 1.129 37.851 1.289
83.522 1.104 39.126 1.251
81.258 1.013 40.526 1.236
79.468 1.018 41.952 1.203
77.654 0.955 43.311 1.181
75.988 0.922 44.594 1.115
---
-165.894 1.930 41.655 0.914
-167.756 1.999 40.246 0.895
-169.589 2.161 38.769 0.947
-171.684 10.782 37.267 0.904
-170.026 39.260 35.720 0.887
-129.338 120.632 34.241 0.885
21.296 176.583 32.726 0.896
144.959 99.916 31.308 0.921
170.496 24.924 29.950 0.933
168.088 3.077 28.586 0.921
163.008 3.138 27.460 0.959
157.852 3.203 26.436 1.020
152.012 3.290 25.561 1.059
145.998 3.207 25.003 1.105
139.702 3.076 24.690 1.196
133.439 2.968 24.521 1.294
126.839 2.708 24.768 1.363
120.451 2.476 25.280 1.416
114.653 2.210 25.979 1.431
109.003 1.969 26.943 1.474
104.048 1.708 27.998 1.474
99.487 1.579 29.222 1.472
95.415 1.489 30.628 1.435
91.791 1.368 31.985 1.430
88.422 1.335 33.511 1.305
85.510 1.257 35.087 1.384
82.882 1.196 36.647 1.378
80.576 1.120 38.136 1.244
78.482 1.106 39.547 1.250
76.630 1.077 41.024 1.201
74.847 1.063 42.414 1.175
73.325 0.991 43.829 1.165
---
-162.974 1.948 40.811 0.931
-164.678 2.086 39.323 0.926
-166.594 2.197 37.748 0.917
-168.703 2.286 36.185 0.928
-171.081 2.445 34.530 0.892
-171.675 26.699 32.875 0.941
-127.255 122.362 31.281 0.926
6.869 177.488 29.706 0.903
146.000 97.315 28.151 0.931
169.732 23.505 26.652 0.931
166.227 3.472 25.400 0.972
160.431 3.710 24.200 0.991
154.372 3.812 23.242 1.071
147.579 3.695 22.524 1.147
140.360 3.540 22.169 1.208
132.861 3.223 22.088 1.305
125.661 2.963 22.354 1.396
118.756 2.645 22.815 1.376
112.207 2.336 23.644 1.429
106.210 2.057 24.804 1.465
100.914 1.898 26.069 1.455
96.099 1.708 27.409 1.497
91.920 1.583 28.982 1.483
88.262 1.441 30.597 1.425
85.003 1.309 32.248 1.384
82.070 1.300 33.778 1.300
79.535 1.304 35.391 1.354
77.307 1.210 37.029 1.344
75.369 1.187 38.633 1.240
73.573 1.162 40.161 1.222
71.985 1.122 41.670 1.171
70.555 1.067 43.117 1.157
---
-159.804 1.921 40.124 0.989
-161.392 2.039 38.509 0.931
-163.224 2.283 36.788 0.927
-165.117 2.423 35.175 0.904
-167.463 2.487 33.369 0.918
-170.061 2.806 31.623 0.918
-169.844 33.380 29.840 0.916
-127.453 121.658 28.132 0.914
21.477 175.923 26.421 0.908
141.907 102.005 24.798 0.884
166.796 30.912 23.284 0.947
163.644 4.308 21.999 0.976
156.708 4.141 20.893 1.056
149.074 4.162 20.028 1.079
141.108 3.990 19.548 1.188
132.854 3.750 19.468 1.296
124.552 3.393 19.745 1.394
116.502 2.858 20.460 1.473
109.323 2.537 21.412 1.517
102.837 2.287 22.643 1.494
97.114 2.021 24.034 1.540
92.225 1.844 25.691 1.472
87.959 1.644 27.274 1.503
84.358 1.562 29.066 1.389
81.157 1.514 30.845 1.414
78.365 1.435 32.542 1.384
76.077 1.325 34.326 1.384
73.924 1.286 36.148 1.275
71.979 1.280 37.724 1.216
70.352 1.220 39.351 1.203
68.851 1.163 40.973 1.171
67.582 1.152 42.397 1.127
---
-156.627 2.029 39.344 0.978
-158.054 2.112 37.701 0.953
-159.627 2.245 35.952 0.946
-161.331 2.471 34.222 0.981
-163.574 2.687 32.325 0.961
-165.921 2.852 30.456 0.968
-168.814 3.168 28.519 0.915
-169.103 31.377 26.671 0.932
-126.612 121.313 24.762 0.899
15.548 176.027 22.966 0.945
141.683 100.691 21.275 0.902
166.106 23.370 19.694 0.961
160.271 5.032 18.423 1.008
151.702 5.001 17.446 1.088
141.918 4.648 16.937 1.203
132.315 4.407 16.823 1.359
122.650 3.932 17.159 1.446
113.636 3.256 17.953 1.554
105.636 2.746 19.003 1.560
98.505 2.337 20.550 1.568
92.607 2.169 22.156 1.538
87.669 1.965 23.938 1.515
83.526 1.827 25.880 1.474
79.946 1.710 27.754 1.436
76.959 1.604 29.587 1.416
74.317 1.527 31.454 1.365
72.127 1.516 33.374 1.291
70.177 1.379 35.135 1.280
68.507 1.358 36.970 1.248
67.072 1.278 38.668 1.242
65.721 1.257 40.248 1.196
64.515 1.178 41.888 1.095
---
-153.051 1.981 38.774 0.973
-154.417 2.065 36.937 0.995
-155.686 2.209 35.184 1.006
-157.419 2.427 33.313 0.985
-159.218 2.614 31.346 0.981
-161.399 3.004 29.344 0.978
-163.969 3.271 27.321 0.977
-166.816 9.489 25.247 0.993
-167.680 31.025 23.209 0.928
-125.684 121.194 21.244 0.894
18.936 175.111 19.343 0.903
140.192 100.319 17.555 0.886
163.665 18.238 16.032 0.965
154.957 5.924 14.889 1.069
143.827 5.801 14.227 1.200
132.045 5.375 14.042 1.372
120.217 4.433 14.537 1.493
109.779 3.768 15.421 1.581
100.681 3.096 16.815 1.598
93.204 2.600 18.499 1.613
87.206 2.340 20.347 1.581
82.383 2.200 22.331 1.553
78.258 2.016 24.371 1.510
75.104 1.844 26.374 1.415
72.302 1.779 28.468 1.403
69.840 1.714 30.453 1.356
67.940 1.613 32.459 1.378
66.261 1.549 34.362 1.264
64.821 1.528 36.239 1.283
63.577 1.377 38.082 1.240
62.389 1.375 39.740 1.200
61.346 1.252 41.397 1.132
---
-149.514 1.993 38.259 1.011
-150.599 2.168 36.460 1.008
-151.754 2.362 34.570 1.038
-153.000 2.479 32.604 1.007
-154.595 2.622 30.583 1.025
-156.294 3.012 28.453 1.039
-158.708 3.309 26.247 1.040
-161.354 3.712 24.113 1.017
-164.560 4.100 21.904 0.976
-166.606 25.721 19.669 0.929
-131.983 112.110 17.517 0.924
17.031 174.101 15.491 0.882
138.883 98.005 13.707 0.915
157.589 26.141 12.290 1.004
145.955 7.551 11.414 1.187
131.115 6.742 11.231 1.397
116.533 5.333 11.821 1.526
104.056 4.146 13.011 1.676
94.074 3.304 14.631 1.639
86.457 2.872 16.488 1.638
80.541 2.673 18.655 1.599
75.937 2.458 20.868 1.506
72.523 2.304 23.102 1.471
69.529 2.152 25.288 1.495
67.192 2.031 27.525 1.431
65.253 1.825 29.698 1.331
63.606 1.746 31.795 1.332
62.027 1.683 33.615 1.293
60.859 1.570 35.647 1.236
59.894 1.489 37.456 1.218
58.888 1.375 39.212 1.214
58.011 1.342 40.930 1.130
---
-145.825 1.920 37.767 1.016
-146.621 2.079 36.029 1.059
-147.497 2.194 34.089 1.078
-148.492 2.409 32.029 1.089
-149.633 2.672 29.907 1.062
-151.278 3.033 27.652 1.092
-152.855 3.247 25.474 1.074
-155.183 3.701 23.051 1.064
-157.801 4.299 20.748 1.013
-161.351 4.970 18.339 1.000
-162.997 32.028 15.960 0.954
-123.212 119.104 13.645 0.908
12.336 172.873 11.544 0.893
134.985 96.694 9.773 0.925
148.178 22.676 8.683 1.145
129.904 9.243 8.380 1.398
110.860 6.557 9.103 1.613
95.790 4.856 10.653 1.651
85.346 3.902 12.697 1.648
78.078 3.519 14.942 1.546
72.702 3.202 17.274 1.559
68.739 2.823 19.635 1.530
65.918 2.589 22.053 1.466
63.546 2.369 24.465 1.451
61.644 2.225 26.663 1.437
60.138 2.038 28.981 1.342
58.820 1.895 31.172 1.294
57.667 1.842 33.154 1.285
56.846 1.663 35.230 1.196
56.031 1.561 37.074 1.158
55.227 1.471 38.866 1.179
54.735 1.409 40.657 1.138
---
-142.029 1.833 37.624 1.068
-142.595 2.062 35.639 1.074
-143.119 2.207 33.667 1.087
-143.798 2.369 31.587 1.081
-144.656 2.669 29.443 1.120
-145.630 2.985 27.157 1.130
-146.772 3.153 24.783 1.121
-148.183 3.705 22.411 1.129
-150.186 4.247 19.889 1.111
-152.675 5.107 17.304 1.096
-156.013 6.083 14.748 1.052
-158.858 27.027 12.164 1.003
-122.175 114.870 9.703 0.935
15.533 168.736 7.538 0.874
125.630 93.847 5.938 1.070
126.476 21.104 5.566 1.415
99.733 8.833 6.609 1.674
82.658 6.203 8.597 1.685
73.332 5.146 11.053 1.589
67.559 4.331 13.653 1.554
63.589 3.806 16.188 1.515
60.809 3.345 18.787 1.451
58.734 3.090 21.303 1.428
56.955 2.780 23.758 1.407
55.985 2.494 26.237 1.369
54.805 2.218 28.477 1.326
54.037 2.080 30.704 1.266
53.359 1.882 32.837 1.237
52.653 1.787 34.841 1.176
52.109 1.695 36.755 1.134
51.706 1.559 38.594 1.096
51.233 1.512 40.399 1.091
---
-138.266 1.865 37.355 1.133
-138.446 2.007 35.455 1.139
-138.533 2.105 33.466 1.141
-139.053 2.281 31.332 1.175
-139.369 2.482 29.143 1.195
-139.781 2.741 26.829 1.219
-140.284 3.107 24.428 1.181
-141.122 3.479 21.930 1.184
-141.889 4.118 19.395 1.204
-143.224 4.824 16.747 1.203
-145.033 6.038 14.001 1.207
-147.789 7.872 11.208 1.182
-148.806 34.517 8.464 1.122
-110.365 114.720 5.835 1.001
18.888 156.536 3.571 0.935
92.542 75.472 2.864 1.358
74.776 16.033 4.597 1.590
63.061 9.293 7.283 1.486
57.763 6.785 10.006 1.479
55.190 5.426 12.801 1.413
53.323 4.548 15.564 1.398
51.947 3.877 18.285 1.369
51.079 3.297 20.837 1.314
50.456 2.977 23.372 1.334
49.788 2.685 25.863 1.317
49.442 2.413 28.215 1.251
48.879 2.267 30.436 1.225
48.628 2.070 32.568 1.231
48.415 1.917 34.689 1.139
48.211 1.734 36.601 1.137
47.953 1.665 38.433 1.092
47.746 1.557 40.238 1.086
---
-134.304 1.694 37.341 1.098
-134.336 1.925 35.462 1.167
-134.225 2.012 33.425 1.162
-134.229 2.151 31.242 1.180
-134.175 2.421 28.992 1.220
-133.954 2.716 26.736 1.306
-133.801 3.090 24.351 1.288
-133.679 3.430 21.832 1.286
-133.447 3.810 19.212 1.322
-133.126 4.516 16.607 1.345
-132.835 5.497 13.791 1.340
-132.297 6.937 10.981 1.365
-131.619 9.378 8.159 1.382
-126.536 35.236 5.231 1.361
-81.835 91.685 2.609 1.251
4.383 63.727 1.966 0.965
33.525 22.057 4.214 1.201
38.892 12.357 6.982 1.262
41.036 8.291 9.832 1.278
42.079 6.095 12.666 1.258
42.632 5.078 15.442 1.242
43.014 4.197 18.204 1.255
43.392 3.605 20.815 1.272
43.566 3.247 23.316 1.228
43.579 2.880 25.738 1.199
43.701 2.651 28.107 1.198
43.909 2.332 30.389 1.181
44.029 2.145 32.548 1.151
44.099 1.966 34.576 1.174
44.183 1.865 36.656 1.109
44.259 1.660 38.465 1.052
44.245 1.707 40.151 1.070
---
-130.338 1.687 37.448 1.142
-130.068 1.787 35.508 1.184
-129.739 2.009 33.487 1.252
-129.238 2.106 31.386 1.243
-128.609 2.288 29.311 1.256
-128.034 2.397 26.930 1.303
-127.231 2.799 24.500 1.321
-126.317 3.005 22.039 1.362
-125.161 3.519 19.480 1.383
-123.444 3.975 16.823 1.442
-120.992 4.669 14.241 1.493
-117.603 5.724 11.465 1.557
-111.855 7.017 8.780 1.566
-100.236 10.893 6.277 1.651
-72.313 20.514 4.237 1.582
-28.001 23.199 3.995 1.090
1.987 17.858 5.549 0.888
16.674 12.236 7.822 0.951
24.193 8.715 10.393 1.039
28.834 6.664 13.080 1.115
31.957 5.345 15.781 1.123
34.023 4.436 18.416 1.185
35.485 3.882 21.017 1.200
36.531 3.476 23.556 1.176
37.489 3.014 25.939 1.195
38.216 2.711 28.284 1.184
38.819 2.512 30.571 1.152
39.293 2.264 32.651 1.121
39.737 2.099 34.739 1.097
40.117 1.882 36.643 1.093
40.403 1.781 38.520 1.055
40.673 1.649 40.298 1.072
---
-126.519 1.593 37.678 1.129
-125.887 1.719 35.738 1.208
-125.192 1.806 33.853 1.235
-124.474 1.950 31.717 1.262
-123.435 2.005 29.596 1.272
-122.344 2.271 27.309 1.383
-120.867 2.468 24.993 1.366
-119.149 2.807 22.593 1.454
-117.102 3.001 20.102 1.434
-114.082 3.339 17.644 1.505
-110.002 3.640 15.136 1.546
-104.396 4.320 12.610 1.626
-95.847 4.977 10.321 1.628
-82.586 6.391 8.265 1.684
-61.695 9.736 6.934 1.541
-35.922 12.660 6.743 1.202
-13.474 12.566 7.705 0.932
1.540 10.094 9.540 0.877
11.108 8.145 11.741 0.932
17.346 6.667 14.130 0.973
22.092 5.436 16.612 1.029
25.650 4.667 19.158 1.089
28.025 3.814 21.626 1.083
30.053 3.500 24.060 1.101
31.534 3.140 26.398 1.080
32.835 2.797 28.676 1.087
33.901 2.397 30.813 1.102
34.811 2.289 32.948 1.051
35.653 2.095 35.022 1.056
36.148 1.977 36.872 1.030
36.826 1.800 38.751 1.029
37.278 1.688 40.450 1.049
---
-122.755 1.495 37.998 1.148
-121.928 1.611 36.103 1.233
-120.964 1.677 34.197 1.242
-119.777 1.846 32.252 1.282
-118.352 1.934 30.117 1.323
-116.797 2.000 27.911 1.370
-114.903 2.232 25.669 1.453
-112.430 2.364 23.453 1.440
-109.540 2.586 21.107 1.510
-105.778 2.804 18.807 1.556
-100.913 3.156 16.411 1.602
-94.268 3.439 14.356 1.662
-85.035 4.128 12.297 1.676
-72.594 5.178 10.664 1.608
-56.551 7.216 9.645 1.468
-39.388 8.742 9.613 1.259
-22.398 8.610 10.256 1.001
-9.189 8.179 11.665 0.913
0.620 7.158 13.507 0.901
8.234 6.107 15.630 0.931
13.709 5.202 17.874 0.941
17.907 4.730 20.196 1.000
21.057 4.072 22.469 0.997
23.758 3.550 24.765 1.034
25.964 3.153 27.105 1.053
27.749 2.902 29.302 1.056
29.236 2.596 31.436 1.067
30.323 2.291 33.428 1.032
31.481 2.135 35.400 1.030
32.251 1.974 37.216 1.046
33.150 1.832 39.056 1.018
33.912 1.780 40.783 1.017
---
-119.131 1.401 38.422 1.199
-118.017 1.492 36.623 1.232
-116.769 1.594 34.729 1.306
-115.345 1.641 32.771 1.360
-113.656 1.698 30.825 1.349
-111.680 1.839 28.700 1.377
-109.183 1.973 26.585 1.438
-106.518 2.076 24.483 1.497
-103.044 2.240 22.307 1.528
-98.646 2.398 20.219 1.562
-93.215 2.676 18.116 1.570
-86.322 3.069 16.182 1.619
-77.635 3.635 14.470 1.673
-66.565 4.611 13.195 1.560
-54.162 5.587 12.499 1.428
-40.623 6.461 12.385 1.255
-27.433 6.923 12.934 1.093
-16.018 6.722 14.036 0.976
-6.965 6.083 15.550 0.905
0.744 5.441 17.367 0.893
6.683 4.834 19.420 0.920
11.410 4.373 21.511 0.962
14.899 3.884 23.638 0.958
17.927 3.387 25.759 0.971
20.526 3.027 27.910 0.968
22.765 2.804 29.966 0.978
24.536 2.500 32.021 0.994
26.110 2.237 34.059 1.047
27.401 2.191 35.890 1.037
28.565 2.058 37.697 1.013
29.640 1.891 39.466 1.014
30.479 1.735 41.164 0.999
---
-115.624 1.376 38.969 1.223
-114.214 1.402 37.206 1.254
-112.806 1.428 35.467 1.240
-111.025 1.524 33.633 1.309
-109.094 1.613 31.725 1.362
-106.854 1.739 29.666 1.389
-104.113 1.783 27.797 1.447
-101.054 1.920 25.701 1.442
-97.152 1.933 23.726 1.551
-92.604 2.146 21.755 1.543
-87.155 2.394 19.981 1.605
-80.450 2.801 18.300 1.603
-72.262 3.264 16.908 1.569
-62.904 3.917 15.884 1.514
-52.455 4.716 15.280 1.427
-41.639 5.156 15.208 1.268
-30.541 5.417 15.609 1.126
-21.123 5.445 16.532 1.012
-12.668 5.204 17.827 0.947
-5.604 4.853 19.360 0.896
0.383 4.487 21.129 0.886
5.545 3.944 23.018 0.922
9.348 3.610 24.976 0.923
12.829 3.273 26.929 0.941
15.821 3.056 28.970 0.964
17.994 2.812 30.959 0.947
20.131 2.534 32.870 0.987
22.027 2.352 34.749 0.984
23.680 2.126 36.549 0.996
24.933 2.018 38.277 0.980
26.251 1.896 39.994 0.980
27.227 1.795 41.616 0.973
---
-112.227 1.246 39.583 1.219
-110.750 1.320 37.923 1.275
-109.060 1.344 36.177 1.303
-107.098 1.407 34.435 1.338
-104.942 1.504 32.732 1.351
-102.431 1.550 30.876 1.381
-99.585 1.636 29.014 1.443
-96.213 1.726 27.133 1.525
-92.194 1.796 25.361 1.541
-87.711 1.980 23.532 1.547
-82.075 2.164 21.941 1.540
-75.808 2.479 20.509 1.527
-68.399 2.936 19.362 1.536
-60.175 3.499 18.482 1.491
-51.162 3.899 17.989 1.346
-42.064 4.504 17.899 1.259
-33.003 4.571 18.273 1.157
-24.370 4.742 19.018 1.065
-16.974 4.526 20.079 0.973
-10.197 4.275 21.468 0.934
-4.323 4.214 22.969 0.879
0.499 3.639 24.631 0.924
4.750 3.513 26.450 0.907
8.147 3.187 28.292 0.934
11.190 2.917 30.117 0.919
14.011 2.673 31.993 0.976
16.161 2.462 33.780 0.959
18.256 2.401 35.562 0.973
19.967 2.132 37.304 0.952
21.465 2.018 38.989 0.951
22.929 1.969 40.553 0.926
24.131 1.719 42.171 0.950
---
-108.955 1.199 40.311 1.171
-107.244 1.225 38.781 1.274
-105.477 1.276 37.143 1.267
-103.428 1.286 35.497 1.379
-101.053 1.355 33.755 1.375
-98.424 1.428 32.063 1.403
-95.429 1.500 30.419 1.438
-91.985 1.574 28.662 1.388
-87.987 1.696 26.996 1.500
-83.311 1.842 25.424 1.533
-78.104 2.069 24.021 1.498
-72.159 2.361 22.784 1.502
-65.506 2.632 21.761 1.460
-58.178 3.145 21.029 1.424
-50.496 3.481 20.582 1.367
-42.379 3.697 20.506 1.202
-34.763 3.962 20.854 1.178
-27.082 4.061 21.473 1.102
-20.365 4.003 22.399 1.020
-14.201 3.793 23.534 0.963
-8.755 3.713 24.925 0.899
-3.907 3.414 26.436 0.926
0.398 3.269 28.063 0.881
4.051 3.028 29.709 0.935
7.168 2.846 31.411 0.919
9.989 2.625 33.167 0.943
12.355 2.417 34.826 0.927
14.719 2.252 36.494 0.913
16.463 2.101 38.161 0.927
18.276 1.971 39.746 0.953
19.733 1.861 41.301 0.975
21.182 1.792 42.782 0.933
---
-105.878 1.042 41.134 1.179
-104.079 1.098 39.615 1.236
-102.212 1.157 38.085 1.282
-100.081 1.226 36.582 1.283
-97.552 1.291 34.924 1.316
-94.843 1.305 33.395 1.390
-91.663 1.427 31.732 1.424
-88.140 1.427 30.305 1.507
-84.245 1.610 28.837 1.483
-79.744 1.759 27.339 1.490
-74.817 1.861 26.169 1.481
-69.242 2.103 25.011 1.439
-63.061 2.412 24.073 1.439
-56.565 2.729 23.472 1.380
-49.854 2.983 23.160 1.288
-42.874 3.266 23.101 1.236
-36.042 3.422 23.368 1.139
-29.258 3.587 23.897 1.056
-22.905 3.489 24.648 1.017
-17.252 3.446 25.736 0.973
-12.164 3.278 26.917 0.951
-7.554 3.095 28.232 0.919
-3.432 3.032 29.674 0.882
0.498 2.834 31.209 0.921
3.521 2.646 32.835 0.919
6.402 2.537 34.335 0.872
9.011 2.404 35.911 0.923
11.378 2.196 37.499 0.895
13.261 2.087 39.055 0.925
15.096 1.917 40.569 0.914
16.721 1.835 42.062 0.905
18.324 1.697 43.457 0.896
---
-103.047 1.023 41.937 1.227
-101.153 1.029 40.478 1.162
-99.095 1.109 39.072 1.233
-96.826 1.139 37.639 1.278
-94.336 1.181 36.228 1.319
-91.517 1.235 34.627 1.384
-88.374 1.286 33.327 1.373
-84.939 1.415 31.930 1.352
-81.115 1.447 30.522 1.442
-76.772 1.647 29.299 1.429
-71.994 1.841 28.147 1.423
-66.847 2.042 27.242 1.392
-61.151 2.290 26.435 1.354
-55.387 2.429 25.875 1.329
-49.252 2.779 25.635 1.311
-43.056 2.941 25.530 1.227
-36.800 3.068 25.694 1.183
-30.922 3.211 26.216 1.110
-25.386 3.169 26.992 1.039
-19.967 3.106 27.794 1.030
-14.982 2.984 28.859 0.945
-10.584 2.878 30.105 0.914
-6.524 2.858 31.385 0.916
-2.956 2.595 32.765 0.937
0.402 2.512 34.219 0.912
3.141 2.366 35.655 0.878
5.773 2.264 37.081 0.888
8.188 2.159 38.547 0.929
10.283 2.038 40.033 0.918
12.271 1.999 41.484 0.880
13.962 1.768 42.817 0.887
15.343 1.673 44.107 0.905
---
-100.253 0.942 42.881 1.206
-98.366 0.988 41.512 1.217
-96.289 1.044 40.163 1.280
-93.925 1.083 38.819 1.260
-91.428 1.131 37.438 1.293
-88.579 1.221 36.138 1.320
-85.482 1.225 34.840 1.392
-82.078 1.347 33.541 1.376
-78.245 1.429 32.323 1.380
-74.165 1.588 31.183 1.370
-69.734 1.690 30.182 1.356
-64.843 1.883 29.394 1.388
-59.787 2.086 28.760 1.294
-54.441 2.272 28.217 1.334
-48.808 2.553 27.943 1.242
-43.204 2.631 27.966 1.217
-37.645 2.814 28.150 1.181
-32.117 2.777 28.560 1.094
-27.084 2.747 29.112 1.030
-22.085 2.880 29.892 1.017
-17.522 2.786 30.832 1.015
-13.218 2.713 31.985 0.902
-9.497 2.634 33.105 0.957
-5.790 2.365 34.331 0.924
-2.679 2.366 35.640 0.925
0.175 2.326 37.017 0.900
2.937 2.212 38.341 0.899
5.308 2.081 39.692 0.882
7.437 1.935 41.055 0.891
9.529 1.907 42.375 0.892
11.224 1.731 43.668 0.894
12.986 1.709 44.962 0.897
---
-97.748 0.937 43.712 1.175
-95.766 0.949 42.571 1.198
-93.611 1.001 41.248 1.217
-91.341 0.990 40.044 1.230
-88.670 1.044 38.803 1.205
-85.890 1.169 37.526 1.322
-82.916 1.198 36.347 1.371
-79.515 1.296 35.095 1.279
-75.929 1.367 34.061 1.340
-71.902 1.475 33.095 1.369
-67.665 1.634 32.210 1.291
-63.181 1.794 31.473 1.322
-58.524 1.954 30.857 1.323
-53.507 2.086 30.480 1.242
-48.406 2.227 30.189 1.272
-43.431 2.332 30.170 1.180
-38.272 2.479 30.367 1.175
-33.306 2.531 30.708 1.069
-28.672 2.494 31.254 1.041
-23.957 2.604 31.934 1.004
-19.565 2.590 32.755 1.012
-15.508 2.504 33.701 0.923
-11.850 2.489 34.734 0.941
-8.477 2.275 35.892 0.899
-5.393 2.253 37.072 0.907
-2.355 2.188 38.263 0.882
0.290 1.957 39.561 0.914
2.679 2.151 40.789 0.880
4.841 1.860 42.058 0.889
6.845 1.805 43.263 0.898
8.701 1.726 44.536 0.866
10.560 1.649 45.764 0.894
---
-95.341 0.891 44.654 1.192
-93.337 0.919 43.609 1.162
-91.122 0.948 42.383 1.169
-88.824 0.957 41.225 1.202
-86.219 0.975 40.031 1.320
-83.498 1.042 38.928 1.262
-80.480 1.157 37.761 1.313
-77.273 1.248 36.820 1.294
-73.670 1.307 35.790 1.303
-70.150 1.444 34.936 1.331
-66.120 1.568 34.212 1.312
-61.874 1.693 33.487 1.248
-57.396 1.848 32.925 1.268
-52.901 1.907 32.572 1.226
-48.233 2.062 32.389 1.188
-43.571 2.107 32.376 1.127
-38.847 2.230 32.460 1.116
-34.290 2.323 32.802 1.076
-29.810 2.328 33.293 1.063
-25.432 2.335 33.856 1.033
-21.450 2.444 34.626 0.980
-17.622 2.327 35.491 0.931
-14.095 2.195 36.420 0.933
-10.643 2.202 37.495 0.900
-7.594 2.009 38.557 0.893
-4.818 2.082 39.647 0.924
-2.181 1.952 40.788 0.850
0.341 1.891 42.001 0.854
2.462 1.864 43.138 0.877
4.357 1.774 44.268 0.866
6.439 1.681 45.459 0.846
8.113 1.519 46.520 0.860
---
-93.090 0.864 45.731 1.142
-91.062 0.893 44.636 1.155
-88.906 0.943 43.522 1.160
-86.537 0.934 42.455 1.190
-84.058 0.974 41.322 1.271
-81.303 1.046 40.358 1.235
-78.331 1.099 39.349 1.270
-75.198 1.166 38.347 1.269
-71.889 1.288 37.527 1.226
-68.387 1.377 36.710 1.293
-64.466 1.499 36.032 1.274
-60.617 1.610 35.468 1.242
-56.501 1.657 34.943 1.202
-52.299 1.767 34.610 1.205
-47.927 1.931 34.497 1.191
-43.604 2.042 34.426 1.161
-39.326 2.049 34.553 1.090
-35.057 2.153 34.805 1.051
-30.913 2.135 35.164 1.040
-26.879 2.041 35.794 0.973
-23.241 2.059 36.506 0.932
-19.365 2.236 37.254 0.962
-16.110 2.129 38.104 0.936
-12.770 2.054 38.962 0.914
-9.756 1.989 39.961 0.913
-7.017 1.928 40.937 0.912
-4.394 1.862 42.041 0.875
-2.130 1.890 43.161 0.871
0.200 1.736 44.239 0.848
2.245 1.662 45.300 0.867
4.148 1.552 46.331 0.847
5.834 1.617 47.437 0.874
---
-91.016 0.811 46.648 1.162
-88.951 0.850 45.596 1.102
-86.807 0.881 44.600 1.073
-84.441 0.926 43.685 1.172
-81.958 0.990 42.674 1.169
-79.317 1.036 41.745 1.156
-76.530 1.053 40.838 1.189
-73.433 1.119 39.983 1.283
-70.240 1.173 39.191 1.183
-66.857 1.318 38.390 1.229
-63.299 1.416 37.810 1.226
-59.561 1.458 37.311 1.208
-55.722 1.606 36.786 1.163
-51.731 1.689 36.578 1.170
-47.729 1.748 36.382 1.160
-43.727 1.789 36.387 1.078
-39.769 1.955 36.490 1.118
-35.802 2.026 36.732 1.078
-31.910 1.972 37.083 1.046
-28.066 2.006 37.609 1.036
-24.551 2.060 38.185 0.995
-20.971 1.995 38.885 0.955
-17.762 1.949 39.652 0.919
-14.699 1.987 40.482 0.894
-11.846 1.904 41.401 0.894
-9.120 1.829 42.326 0.885
-6.599 1.796 43.232 0.870
-4.066 1.757 44.288 0.848
-2.013 1.702 45.325 0.864
0.176 1.652 46.297 0.864
2.146 1.631 47.291 0.813
3.970 1.501 48.254 0.830
---
-89.031 0.808 47.559 1.083
-87.036 0.802 46.715 1.117
-84.864 0.853 45.780 1.125
-82.601 0.862 44.821 1.158
-80.180 0.892 43.942 1.153
-77.467 1.011 43.067 1.167
-74.824 1.057 42.183 1.163
-71.888 1.100 41.510 1.197
-68.752 1.220 40.764 1.151
-65.517 1.232 40.092 1.188
-62.169 1.385 39.556 1.139
-58.683 1.385 39.050 1.153
-54.962 1.502 38.639 1.152
-51.239 1.585 38.371 1.115
-47.563 1.639 38.280 1.159
-43.735 1.773 38.211 1.086
-40.114 1.800 38.335 1.077
-36.325 1.853 38.542 1.029
-32.684 1.837 38.906 0.995
-29.185 1.885 39.370 0.959
-25.786 1.930 39.903 0.952
-22.348 1.936 40.472 0.935
-19.291 1.994 41.092 0.903
-16.382 1.796 41.956 0.930
-13.642 1.860 42.827 0.890
-10.834 1.722 43.565 0.855
-8.365 1.673 44.534 0.847
-6.012 1.576 45.416 0.852
-3.882 1.685 46.317 0.823
-1.795 1.527 47.316 0.839
0.102 1.496 48.210 0.795
1.969 1.488 49.217 0.844
---
-87.200 0.773 48.644 1.045
-85.250 0.781 47.725 1.106
-83.115 0.834 46.883 1.045
-80.827 0.856 45.977 1.081
-78.461 0.908 45.176 1.096
-75.857 0.922 44.366 1.107
-73.227 0.996 43.700 1.147
-70.424 1.072 42.921 1.118
-67.406 1.165 42.315 1.168
-64.333 1.257 41.689 1.164
-61.185 1.270 41.226 1.168
-57.808 1.314 40.772 1.119
-54.352 1.433 40.369 1.126
-50.942 1.509 40.164 1.145
-47.421 1.579 40.028 1.104
-43.889 1.661 40.035 1.068
-40.338 1.695 40.115 1.055
-36.873 1.752 40.340 1.035
-33.458 1.787 40.571 1.002
-30.069 1.667 41.026 0.945
-26.759 1.777 41.484 0.978
-23.731 1.710 42.094 0.930
-20.694 1.774 42.687 0.900
-17.824 1.760 43.337 0.888
-15.070 1.671 44.079 0.867
-12.555 1.607 44.919 0.870
-10.221 1.622 45.712 0.877
-7.831 1.670 46.606 0.836
-5.596 1.561 47.422 0.801
-3.574 1.503 48.351 0.836
-1.650 1.426 49.166 0.804
0.285 1.420 49.982 0.785
---
-85.501 0.705 49.535 0.945
-83.525 0.756 48.718 1.066
-81.462 0.782 47.961 1.071
-79.192 0.874 47.195 1.113
-76.897 0.862 46.372 1.078
-74.394 0.919 45.692 1.083
-71.865 0.982 44.952 1.099
-69.097 1.033 44.397 1.098
-66.303 1.101 43.795 1.145
-63.287 1.199 43.222 1.106
-60.288 1.221 42.807 1.172
-57.126 1.314 42.373 1.097
-53.948 1.389 42.123 1.110
-50.586 1.383 41.848 1.078
-47.367 1.451 41.745 1.026
-43.972 1.577 41.721 1.046
-40.629 1.554 41.868 1.027
-37.323 1.632 42.008 1.019
-34.234 1.627 42.308 1.024
-30.977 1.617 42.633 0.943
-27.844 1.673 43.074 0.955
-24.859 1.689 43.588 0.923
-22.027 1.668 44.166 0.911
-19.214 1.675 44.805 0.905
-16.664 1.571 45.422 0.858
-13.990 1.673 46.222 0.924
-11.707 1.563 46.873 0.864
-9.337 1.618 47.686 0.860
-7.350 1.541 48.467 0.791
-5.302 1.439 49.266 0.826
-3.298 1.468 49.997 0.834
-1.532 1.370 50.851 0.808
