phi std_phi theta std_theta
---
167.538 1.000 116.689 0.881
166.017 0.987 117.128 0.873
164.531 1.017 117.636 0.827
162.918 1.046 118.072 0.923
161.257 1.051 118.601 0.968
159.561 1.062 119.145 0.901
157.816 1.090 119.544 0.971
155.985 1.053 119.956 0.906
154.195 1.077 120.393 0.920
152.174 1.130 120.850 1.006
150.102 1.159 121.239 0.969
148.046 1.085 121.627 1.009
145.961 1.120 122.024 1.027
143.659 1.160 122.213 1.025
141.418 1.153 122.537 1.059
139.072 1.104 122.854 1.003
136.705 1.104 123.077 1.015
134.354 1.026 123.200 1.064
131.909 1.036 123.325 1.131
129.550 1.004 123.434 1.046
127.119 1.008 123.429 1.103
124.620 0.981 123.450 1.119
122.160 1.004 123.270 1.106
119.772 0.918 123.227 1.076
117.365 0.866 123.027 1.107
114.989 0.859 122.847 1.146
112.705 0.786 122.596 1.102
110.456 0.758 122.272 1.115
108.252 0.703 121.955 1.075
106.074 0.681 121.600 1.094
103.967 0.654 121.268 1.022
101.934 0.623 120.838 1.058
---
167.497 1.040 115.134 0.851
166.072 0.978 115.674 0.888
164.578 1.016 116.049 0.893
162.941 1.039 116.541 0.917
161.294 1.074 116.945 0.979
159.576 1.108 117.439 0.954
157.921 1.092 117.901 0.976
156.063 1.094 118.406 0.977
154.156 1.098 118.811 0.981
152.205 1.137 119.216 1.017
150.113 1.120 119.524 1.013
148.026 1.126 119.960 1.018
145.840 1.156 120.266 1.026
143.617 1.157 120.614 1.049
141.435 1.119 120.846 1.022
139.090 1.103 121.144 1.048
136.722 1.097 121.274 1.122
134.350 1.058 121.530 1.037
131.937 1.036 121.596 1.061
129.477 1.031 121.656 1.118
127.057 1.060 121.685 1.108
124.596 0.987 121.653 1.131
122.211 0.945 121.530 1.093
119.713 0.877 121.455 1.093
117.392 0.856 121.304 1.116
115.067 0.832 121.134 1.126
112.720 0.800 120.887 1.128
110.407 0.792 120.610 1.131
108.192 0.737 120.296 1.143
106.023 0.686 119.898 1.066
104.005 0.655 119.673 1.097
101.941 0.631 119.255 1.042
---
167.370 1.014 113.589 0.892
166.011 1.023 114.025 0.939
164.512 0.999 114.518 0.942
162.955 1.090 114.922 0.883
161.266 1.095 115.359 1.024
159.688 1.026 115.774 1.016
157.853 1.093 116.288 1.017
155.920 1.111 116.651 1.032
154.122 1.093 117.109 1.021
152.110 1.116 117.510 1.040
150.116 1.171 117.849 1.022
148.049 1.140 118.226 1.031
145.876 1.141 118.513 1.088
143.656 1.098 118.816 1.044
141.467 1.076 119.103 1.093
139.120 1.111 119.365 1.143
136.741 1.075 119.503 1.102
134.364 1.126 119.626 1.075
131.963 1.102 119.790 1.133
129.471 1.044 119.956 1.171
127.036 1.002 119.872 1.084
124.650 0.966 119.807 1.086
122.204 0.938 119.806 1.148
119.765 0.923 119.676 1.199
117.386 0.862 119.537 1.116
115.020 0.849 119.296 1.173
112.695 0.788 119.119 1.146
110.458 0.775 118.851 1.126
108.204 0.724 118.604 1.119
106.046 0.683 118.273 1.133
103.962 0.660 117.861 1.088
101.927 0.633 117.454 1.131
---
167.456 0.988 112.046 0.898
166.057 1.039 112.498 0.892
164.546 1.062 112.946 0.957
162.979 0.963 113.317 1.003
161.331 1.077 113.783 0.944
159.632 1.082 114.130 0.977
157.849 1.120 114.526 1.035
156.029 1.094 114.947 1.014
154.184 1.128 115.379 1.064
152.250 1.175 115.699 1.077
150.073 1.086 116.031 1.087
147.993 1.097 116.408 1.109
145.912 1.153 116.713 1.081
143.688 1.158 117.019 1.101
141.339 1.154 117.292 1.131
139.082 1.100 117.467 1.123
136.700 1.116 117.720 1.159
134.358 1.143 117.795 1.144
131.907 1.038 117.891 1.143
129.498 1.042 118.013 1.138
127.033 1.013 118.003 1.172
124.645 0.980 117.971 1.160
122.202 0.928 117.954 1.127
119.782 0.899 117.862 1.161
117.433 0.914 117.706 1.185
115.039 0.864 117.502 1.219
112.740 0.818 117.286 1.152
110.429 0.747 117.014 1.107
108.247 0.726 116.818 1.151
106.070 0.706 116.425 1.138
103.951 0.657 116.121 1.127
101.919 0.625 115.718 1.110
---
167.492 0.993 110.398 0.936
166.066 1.060 110.852 0.978
164.470 1.009 111.130 0.939
162.908 1.042 111.538 1.009
161.256 1.127 111.979 1.030
159.583 1.043 112.423 1.049
157.840 1.120 112.782 1.047
156.024 1.105 113.200 1.047
154.163 1.131 113.605 1.129
152.207 1.175 113.865 1.111
150.150 1.117 114.207 1.097
148.033 1.162 114.518 1.125
145.896 1.152 114.821 1.131
143.633 1.184 115.061 1.154
141.343 1.122 115.373 1.132
139.071 1.139 115.533 1.167
136.736 1.113 115.694 1.153
134.348 1.071 115.955 1.225
131.973 1.052 116.013 1.233
129.567 1.064 116.093 1.179
127.023 0.992 116.042 1.164
124.627 0.946 116.120 1.199
122.183 0.931 115.931 1.233
119.802 0.904 115.893 1.299
117.388 0.876 115.748 1.185
115.052 0.824 115.592 1.171
112.708 0.783 115.334 1.218
110.448 0.775 115.207 1.133
108.208 0.712 114.906 1.156
106.063 0.680 114.550 1.123
103.945 0.662 114.293 1.149
101.964 0.603 113.933 1.172
---
167.446 0.965 108.727 0.949
166.071 0.977 109.170 1.005
164.529 1.021 109.546 1.030
162.977 1.012 109.905 1.046
161.293 1.056 110.318 1.059
159.624 1.039 110.586 1.063
157.860 1.116 110.979 1.119
156.023 1.117 111.361 1.101
154.180 1.115 111.722 1.102
152.177 1.111 111.989 1.102
150.084 1.125 112.310 1.167
148.033 1.178 112.590 1.155
145.889 1.140 112.937 1.142
143.699 1.151 113.170 1.162
141.416 1.170 113.417 1.204
139.104 1.101 113.565 1.203
136.697 1.128 113.746 1.226
134.355 1.098 113.888 1.227
131.927 1.047 114.024 1.189
129.500 1.044 114.092 1.255
127.067 1.043 114.071 1.202
124.650 0.961 114.132 1.248
122.141 0.932 113.986 1.208
119.789 0.931 113.932 1.242
117.374 0.872 113.780 1.179
115.051 0.844 113.621 1.225
112.725 0.831 113.419 1.199
110.439 0.784 113.224 1.219
108.237 0.732 112.916 1.206
106.075 0.680 112.643 1.210
103.960 0.633 112.306 1.195
101.950 0.632 112.040 1.153
---
167.506 1.001 107.081 0.967
166.013 1.042 107.373 0.989
164.480 0.969 107.813 1.023
162.910 0.998 108.148 1.079
161.372 1.087 108.434 1.091
159.705 1.098 108.877 1.082
157.824 1.114 109.162 1.066
155.948 1.077 109.491 1.113
154.138 1.156 109.831 1.144
152.199 1.133 110.085 1.134
150.108 1.149 110.365 1.131
148.010 1.095 110.672 1.186
145.930 1.115 110.954 1.161
143.646 1.182 111.228 1.175
141.405 1.084 111.421 1.234
139.087 1.131 111.652 1.241
136.755 1.053 111.793 1.251
134.332 1.092 111.891 1.248
131.888 1.072 111.918 1.248
129.561 1.002 111.984 1.241
127.086 1.006 112.000 1.253
124.634 0.952 112.014 1.209
122.186 0.985 111.965 1.301
119.797 0.900 111.882 1.248
117.451 0.866 111.716 1.246
115.092 0.831 111.574 1.268
112.738 0.806 111.341 1.248
110.440 0.796 111.168 1.210
108.217 0.712 110.903 1.206
106.099 0.700 110.729 1.214
103.956 0.653 110.439 1.232
101.913 0.618 110.122 1.208
---
167.450 0.987 105.444 1.013
166.059 0.995 105.668 1.000
164.441 1.037 106.026 0.964
162.998 1.068 106.311 1.048
161.243 1.066 106.608 1.100
159.585 1.135 106.933 1.097
157.810 1.066 107.208 1.105
156.078 1.163 107.592 1.128
154.205 1.155 107.877 1.137
152.168 1.131 108.126 1.185
150.110 1.176 108.414 1.161
148.018 1.144 108.646 1.212
145.817 1.183 108.855 1.220
143.628 1.162 109.104 1.241
141.484 1.137 109.271 1.255
139.065 1.156 109.534 1.227
136.727 1.112 109.609 1.261
134.348 1.096 109.803 1.293
131.950 1.043 109.768 1.312
129.519 1.062 109.826 1.302
127.101 1.016 109.861 1.273
124.607 0.978 109.842 1.316
122.158 0.955 109.776 1.259
119.802 0.910 109.661 1.252
117.376 0.886 109.608 1.336
115.045 0.843 109.515 1.248
112.744 0.803 109.308 1.284
110.403 0.779 109.118 1.268
108.235 0.750 108.884 1.234
106.038 0.680 108.651 1.255
103.977 0.668 108.405 1.225
101.948 0.604 108.192 1.210
---
167.554 0.976 103.617 1.011
166.133 1.014 103.959 1.090
164.534 1.043 104.241 1.005
163.041 1.040 104.531 1.068
161.333 1.036 104.724 1.098
159.630 1.109 105.040 1.128
157.801 1.096 105.257 1.169
155.997 1.130 105.602 1.203
154.115 1.132 105.903 1.135
152.200 1.179 106.083 1.184
150.129 1.139 106.365 1.196
148.013 1.140 106.554 1.195
145.929 1.141 106.766 1.226
143.665 1.108 106.961 1.238
141.404 1.140 107.184 1.248
139.098 1.126 107.285 1.266
136.720 1.117 107.393 1.247
134.394 1.070 107.590 1.282
131.904 1.081 107.613 1.319
129.505 1.063 107.699 1.354
127.084 1.030 107.713 1.312
124.612 0.978 107.693 1.298
122.164 0.984 107.553 1.327
119.787 0.907 107.570 1.308
117.378 0.906 107.496 1.294
115.028 0.843 107.310 1.333
112.718 0.808 107.204 1.327
110.464 0.757 107.028 1.242
108.222 0.717 106.801 1.257
106.046 0.702 106.603 1.305
103.982 0.670 106.359 1.222
101.931 0.627 106.108 1.201
---
167.445 0.976 101.935 1.058
165.892 1.027 102.098 1.091
164.451 1.077 102.392 1.090
163.026 1.036 102.542 1.087
161.279 1.061 102.894 1.130
159.609 1.161 103.105 1.137
157.900 1.059 103.380 1.142
156.016 1.118 103.598 1.134
154.126 1.135 103.856 1.184
152.240 1.136 104.098 1.220
150.103 1.196 104.325 1.229
148.042 1.202 104.491 1.262
145.917 1.133 104.641 1.260
143.578 1.126 104.780 1.292
141.469 1.152 104.996 1.236
139.077 1.126 105.137 1.291
136.759 1.134 105.308 1.317
134.375 1.087 105.314 1.308
131.873 1.098 105.408 1.347
129.482 1.053 105.515 1.326
127.074 1.027 105.480 1.352
124.623 1.001 105.404 1.331
122.134 0.955 105.428 1.307
119.802 0.917 105.436 1.303
117.416 0.907 105.227 1.351
115.064 0.854 105.148 1.271
112.708 0.808 105.072 1.300
110.456 0.773 104.838 1.308
108.232 0.711 104.679 1.268
106.083 0.693 104.486 1.220
103.985 0.635 104.317 1.239
101.948 0.610 104.069 1.233
---
167.417 1.013 100.084 1.048
166.019 1.058 100.314 1.079
164.510 1.011 100.502 1.089
162.914 1.073 100.755 1.088
161.372 1.118 100.972 1.141
159.655 1.068 101.135 1.142
157.867 1.088 101.414 1.136
156.047 1.138 101.603 1.201
154.107 1.124 101.734 1.237
152.204 1.096 101.954 1.215
150.101 1.145 102.118 1.217
147.999 1.170 102.299 1.224
145.846 1.158 102.488 1.274
143.678 1.142 102.646 1.254
141.394 1.114 102.785 1.304
139.085 1.144 102.921 1.307
136.705 1.115 103.065 1.355
134.356 1.124 103.032 1.371
131.889 1.053 103.165 1.323
129.517 1.071 103.221 1.350
127.066 1.048 103.170 1.391
124.574 0.979 103.113 1.351
122.215 0.963 103.060 1.340
119.814 0.922 103.093 1.367
117.388 0.893 103.028 1.387
115.071 0.855 102.961 1.353
112.729 0.785 102.816 1.353
110.477 0.764 102.688 1.348
108.208 0.723 102.576 1.273
106.076 0.700 102.328 1.244
103.994 0.654 102.149 1.238
101.961 0.619 102.044 1.212
---
167.463 1.017 98.309 1.047
166.019 1.058 98.478 1.073
164.493 1.004 98.652 1.105
162.986 1.013 98.879 1.130
161.223 1.020 98.958 1.112
159.663 1.037 99.142 1.156
157.857 1.077 99.340 1.158
156.019 1.085 99.480 1.233
154.125 1.160 99.715 1.213
152.173 1.143 99.805 1.209
150.147 1.149 99.967 1.260
148.018 1.144 100.147 1.247
145.915 1.115 100.301 1.284
143.550 1.122 100.416 1.316
141.448 1.204 100.504 1.309
139.139 1.146 100.589 1.342
136.742 1.108 100.688 1.356
134.385 1.070 100.736 1.361
131.943 1.031 100.754 1.389
129.493 1.085 100.798 1.342
127.059 1.035 100.795 1.373
124.668 0.991 100.882 1.335
122.188 0.939 100.803 1.326
119.784 0.917 100.764 1.365
117.390 0.910 100.740 1.361
115.038 0.833 100.647 1.403
112.705 0.816 100.553 1.291
110.451 0.763 100.423 1.349
108.252 0.751 100.303 1.308
106.055 0.706 100.171 1.200
103.998 0.667 99.984 1.277
101.927 0.621 99.800 1.261
---
167.413 0.987 96.453 1.090
165.945 1.014 96.604 1.109
164.535 1.036 96.717 1.062
162.918 0.988 96.892 1.102
161.259 1.061 96.918 1.162
159.619 1.069 97.156 1.113
157.777 1.114 97.247 1.207
156.032 1.131 97.476 1.235
154.105 1.100 97.566 1.236
152.177 1.097 97.654 1.258
150.159 1.126 97.812 1.292
148.008 1.137 98.011 1.288
145.901 1.173 98.023 1.285
143.709 1.105 98.134 1.280
141.364 1.126 98.215 1.328
139.162 1.135 98.263 1.331
136.742 1.138 98.370 1.352
134.376 1.105 98.363 1.352
131.960 1.098 98.401 1.383
129.467 1.046 98.443 1.361
127.046 1.053 98.448 1.401
124.622 0.984 98.497 1.392
122.188 0.965 98.471 1.358
119.779 0.928 98.495 1.363
117.397 0.853 98.354 1.377
115.039 0.856 98.265 1.327
112.723 0.801 98.221 1.357
110.466 0.774 98.116 1.336
108.254 0.748 97.990 1.293
106.056 0.696 97.934 1.311
103.992 0.653 97.851 1.273
101.954 0.615 97.691 1.266
---
167.453 1.010 94.657 1.103
166.047 1.013 94.795 1.096
164.451 1.004 94.796 1.134
162.910 1.080 94.832 1.118
161.359 1.089 95.050 1.169
159.578 1.102 95.155 1.173
157.846 1.083 95.218 1.219
156.062 1.120 95.313 1.255
154.126 1.095 95.424 1.229
152.187 1.129 95.478 1.272
150.102 1.176 95.569 1.240
148.060 1.158 95.678 1.264
145.836 1.175 95.728 1.299
143.721 1.109 95.885 1.345
141.412 1.116 95.858 1.306
139.044 1.115 95.936 1.403
136.662 1.120 95.906 1.387
134.394 1.114 96.069 1.451
131.932 1.071 96.046 1.371
129.510 1.055 96.026 1.386
127.046 1.018 96.132 1.366
124.588 1.004 96.046 1.443
122.196 0.951 96.079 1.382
119.804 0.943 96.048 1.367
117.421 0.894 95.983 1.361
115.027 0.871 96.004 1.361
112.727 0.807 95.904 1.360
110.488 0.759 95.825 1.365
108.177 0.729 95.787 1.339
106.033 0.700 95.644 1.322
103.975 0.663 95.624 1.251
101.932 0.639 95.547 1.240
---
167.410 1.004 92.774 1.088
166.036 1.007 92.881 1.088
164.501 1.033 92.878 1.149
162.915 1.051 93.016 1.162
161.349 1.110 93.046 1.147
159.633 1.064 93.097 1.220
157.842 1.107 93.214 1.199
155.967 1.133 93.186 1.235
154.090 1.123 93.271 1.208
152.163 1.090 93.297 1.265
150.150 1.152 93.354 1.243
148.003 1.117 93.406 1.318
145.978 1.107 93.453 1.314
143.689 1.179 93.459 1.315
141.372 1.100 93.490 1.379
139.150 1.152 93.553 1.374
136.710 1.083 93.546 1.370
134.307 1.101 93.605 1.406
131.932 1.098 93.672 1.394
129.492 1.048 93.686 1.384
127.038 0.994 93.638 1.429
124.603 0.978 93.633 1.399
122.201 0.942 93.641 1.426
119.774 0.934 93.614 1.415
117.411 0.924 93.542 1.375
115.040 0.820 93.621 1.373
112.728 0.823 93.510 1.317
110.415 0.773 93.556 1.382
108.259 0.734 93.453 1.341
106.047 0.695 93.428 1.321
103.993 0.658 93.386 1.276
101.961 0.639 93.331 1.302
---
167.404 1.043 90.930 1.078
166.045 0.990 90.928 1.038
164.586 1.014 91.025 1.075
162.940 1.047 90.979 1.151
161.250 1.079 91.051 1.151
159.634 1.051 91.042 1.191
157.879 1.091 91.074 1.186
155.985 1.120 91.017 1.236
154.123 1.130 91.135 1.287
152.185 1.125 91.143 1.280
150.089 1.142 91.085 1.282
147.992 1.106 91.121 1.321
145.898 1.138 91.223 1.337
143.666 1.119 91.165 1.307
141.360 1.163 91.144 1.389
139.103 1.126 91.178 1.368
136.717 1.096 91.212 1.369
134.373 1.131 91.212 1.410
131.932 1.057 91.307 1.394
129.522 1.034 91.185 1.373
127.066 0.999 91.214 1.370
124.658 0.956 91.255 1.376
122.210 0.950 91.168 1.403
119.809 0.943 91.172 1.420
117.408 0.889 91.219 1.442
115.014 0.868 91.209 1.333
112.731 0.819 91.133 1.384
110.485 0.775 91.166 1.323
108.221 0.732 91.157 1.304
106.079 0.672 91.157 1.290
103.991 0.651 91.135 1.302
101.921 0.629 91.118 1.241
---
167.515 1.046 89.125 1.089
165.929 1.009 89.075 1.097
164.558 1.048 89.033 1.185
162.940 1.054 88.991 1.143
161.316 1.052 89.035 1.169
159.660 1.068 88.980 1.182
157.796 1.086 89.026 1.243
156.053 1.092 88.924 1.273
154.112 1.123 88.844 1.205
152.180 1.144 88.832 1.246
150.178 1.086 88.865 1.298
147.994 1.133 88.808 1.308
145.864 1.162 88.760 1.375
143.631 1.167 88.844 1.358
141.434 1.144 88.802 1.337
139.038 1.108 88.791 1.340
136.737 1.074 88.741 1.391
134.353 1.085 88.787 1.393
131.925 1.062 88.745 1.446
129.552 1.043 88.772 1.426
127.076 1.055 88.804 1.372
124.615 0.987 88.819 1.424
122.166 0.957 88.815 1.433
119.812 0.925 88.787 1.400
117.428 0.889 88.789 1.376
115.061 0.851 88.766 1.372
112.747 0.828 88.716 1.350
110.455 0.748 88.843 1.350
108.217 0.734 88.881 1.346
106.074 0.676 88.862 1.308
103.987 0.677 88.915 1.322
101.927 0.634 88.920 1.295
---
167.494 0.982 87.202 1.072
165.935 1.030 87.156 1.144
164.582 1.062 87.147 1.042
162.942 1.050 87.069 1.157
161.301 1.091 86.966 1.214
159.648 1.089 86.945 1.186
157.866 1.069 86.878 1.177
155.986 1.137 86.863 1.188
154.144 1.134 86.760 1.227
152.100 1.159 86.680 1.321
150.170 1.157 86.698 1.319
148.118 1.152 86.577 1.283
145.852 1.169 86.490 1.353
143.718 1.170 86.474 1.349
141.411 1.125 86.435 1.347
139.122 1.137 86.391 1.404
136.753 1.104 86.428 1.384
134.405 1.080 86.382 1.387
131.929 1.091 86.354 1.415
129.516 1.053 86.300 1.430
127.075 1.020 86.340 1.392
124.653 1.012 86.305 1.377
122.212 0.944 86.374 1.389
119.799 0.935 86.341 1.383
117.367 0.877 86.389 1.379
115.036 0.855 86.413 1.350
112.713 0.797 86.404 1.366
110.434 0.765 86.536 1.392
108.189 0.723 86.576 1.383
106.067 0.691 86.593 1.258
103.963 0.634 86.653 1.249
101.903 0.619 86.658 1.229
---
167.492 1.024 85.303 1.080
165.962 1.044 85.309 1.083
164.492 1.058 85.212 1.081
162.921 1.022 85.136 1.141
161.303 1.070 84.963 1.144
159.562 1.095 84.796 1.133
157.863 1.129 84.775 1.178
156.020 1.102 84.629 1.222
154.173 1.079 84.572 1.212
152.155 1.162 84.517 1.274
150.147 1.126 84.451 1.341
148.038 1.098 84.338 1.325
145.910 1.136 84.266 1.241
143.665 1.112 84.218 1.335
141.408 1.157 84.108 1.308
139.115 1.140 84.065 1.362
136.769 1.116 84.080 1.364
134.309 1.093 84.027 1.359
131.915 1.062 83.924 1.370
129.526 1.056 83.880 1.342
127.104 0.973 83.924 1.403
124.620 0.966 83.972 1.419
122.208 0.937 83.886 1.374
119.816 0.912 84.033 1.411
117.456 0.873 84.028 1.367
115.068 0.823 84.125 1.368
112.710 0.805 84.092 1.389
110.457 0.761 84.213 1.343
108.230 0.755 84.224 1.357
106.098 0.701 84.308 1.323
103.953 0.646 84.354 1.289
101.947 0.634 84.469 1.280
---
167.426 0.999 83.519 1.031
166.007 1.041 83.408 1.119
164.504 0.998 83.254 1.074
162.939 1.061 83.080 1.141
161.255 1.005 82.945 1.186
159.609 1.060 82.868 1.210
157.786 1.078 82.655 1.168
155.988 1.083 82.518 1.175
154.149 1.079 82.445 1.221
152.101 1.140 82.378 1.247
150.073 1.144 82.250 1.283
147.992 1.127 82.035 1.321
145.894 1.132 82.048 1.338
143.660 1.126 81.884 1.314
141.399 1.096 81.803 1.374
139.080 1.122 81.748 1.372
136.721 1.096 81.583 1.347
134.354 1.082 81.515 1.329
131.911 1.082 81.565 1.401
129.495 1.050 81.500 1.382
127.127 1.045 81.411 1.448
124.675 0.978 81.609 1.396
122.203 0.946 81.525 1.377
119.740 0.911 81.598 1.392
117.375 0.887 81.659 1.403
115.015 0.848 81.694 1.363
112.752 0.822 81.748 1.352
110.462 0.777 81.849 1.306
108.241 0.757 81.978 1.350
106.043 0.689 82.195 1.301
103.987 0.664 82.157 1.250
101.959 0.616 82.351 1.266
---
167.511 0.957 81.709 0.983
166.022 1.022 81.564 1.065
164.478 1.092 81.374 1.152
162.919 1.020 81.210 1.062
161.298 1.080 80.980 1.132
159.611 1.110 80.872 1.199
157.873 1.115 80.708 1.186
155.987 1.099 80.471 1.202
154.107 1.132 80.357 1.251
152.161 1.103 80.179 1.237
150.154 1.160 80.028 1.232
148.008 1.121 79.899 1.290
145.908 1.119 79.710 1.264
143.688 1.141 79.655 1.303
141.430 1.153 79.486 1.328
139.048 1.090 79.383 1.371
136.781 1.181 79.275 1.365
134.400 1.101 79.211 1.387
131.964 1.068 79.209 1.432
129.495 1.029 79.168 1.339
127.124 1.012 79.121 1.387
124.616 0.967 79.203 1.352
122.160 0.935 79.233 1.372
119.804 0.923 79.198 1.340
117.429 0.889 79.324 1.350
115.068 0.854 79.323 1.323
112.744 0.798 79.466 1.372
110.468 0.766 79.577 1.329
108.223 0.731 79.733 1.309
106.074 0.694 79.808 1.314
103.988 0.646 79.969 1.289
101.933 0.623 80.094 1.266
---
167.428 1.043 79.938 1.065
165.980 0.983 79.692 1.106
164.450 1.013 79.446 1.082
162.955 1.026 79.293 1.086
161.290 1.048 79.100 1.174
159.696 1.082 78.786 1.131
157.933 1.102 78.643 1.165
156.040 1.164 78.407 1.172
154.170 1.089 78.242 1.223
152.172 1.100 78.052 1.211
150.209 1.160 77.847 1.259
148.067 1.104 77.646 1.246
145.852 1.131 77.559 1.282
143.654 1.118 77.399 1.297
141.371 1.112 77.240 1.290
139.058 1.113 77.167 1.318
136.772 1.087 77.011 1.271
134.368 1.154 76.990 1.303
131.920 1.075 76.900 1.353
129.549 1.061 76.851 1.335
127.094 0.995 76.830 1.315
124.647 1.003 76.809 1.362
122.187 0.971 76.871 1.354
119.811 0.929 76.945 1.328
117.396 0.884 77.007 1.306
115.007 0.853 77.042 1.360
112.722 0.801 77.262 1.339
110.443 0.778 77.302 1.315
108.206 0.709 77.467 1.350
106.079 0.694 77.693 1.311
103.971 0.655 77.850 1.234
101.929 0.620 78.098 1.209
---
167.451 0.990 78.100 1.010
166.051 0.972 77.865 1.027
164.508 1.018 77.648 1.051
162.898 1.072 77.469 1.045
161.331 1.060 77.130 1.131
159.607 1.134 76.960 1.083
157.899 1.062 76.571 1.097
156.036 1.117 76.351 1.198
154.177 1.081 76.256 1.189
152.138 1.144 75.906 1.237
150.168 1.177 75.690 1.221
148.053 1.145 75.482 1.220
145.887 1.175 75.314 1.250
143.677 1.077 75.179 1.271
141.376 1.131 74.978 1.271
139.052 1.119 74.830 1.305
136.722 1.112 74.789 1.328
134.278 1.076 74.667 1.323
131.908 1.061 74.539 1.305
129.517 1.042 74.580 1.347
127.048 0.997 74.558 1.384
124.623 1.022 74.504 1.349
122.145 0.951 74.589 1.301
119.789 0.914 74.645 1.343
117.397 0.882 74.684 1.322
115.004 0.840 74.862 1.279
112.719 0.825 75.003 1.321
110.475 0.788 75.139 1.298
108.239 0.738 75.318 1.276
106.075 0.703 75.441 1.209
103.939 0.642 75.740 1.217
101.961 0.619 75.917 1.165
---
167.416 0.984 76.291 1.083
165.976 1.039 76.113 1.053
164.619 1.024 75.700 1.065
162.929 1.067 75.481 1.077
161.316 1.039 75.230 1.087
159.622 1.097 75.006 1.111
157.797 1.109 74.643 1.122
155.986 1.124 74.466 1.104
154.118 1.125 74.091 1.186
152.158 1.100 73.922 1.210
150.115 1.168 73.649 1.186
148.031 1.102 73.365 1.274
145.873 1.124 73.130 1.209
143.672 1.141 73.055 1.241
141.429 1.146 72.921 1.264
139.091 1.166 72.644 1.263
136.747 1.101 72.531 1.293
134.342 1.070 72.471 1.311
131.922 1.109 72.339 1.264
129.513 1.010 72.349 1.340
127.096 1.015 72.298 1.347
124.633 0.950 72.343 1.286
122.212 0.961 72.371 1.322
119.736 0.905 72.423 1.299
117.391 0.850 72.506 1.309
115.042 0.862 72.656 1.293
112.700 0.830 72.788 1.248
110.460 0.765 72.980 1.309
108.245 0.739 73.109 1.298
106.051 0.664 73.358 1.247
103.996 0.657 73.654 1.240
101.935 0.608 73.873 1.192
---
167.479 0.991 74.645 1.071
166.063 1.049 74.341 0.979
164.506 0.995 73.959 1.047
162.966 1.058 73.631 1.037
161.364 1.069 73.325 1.051
159.680 1.073 73.085 1.094
157.819 1.067 72.743 1.090
156.005 1.063 72.504 1.197
154.112 1.095 72.119 1.187
152.113 1.142 71.836 1.225
150.126 1.154 71.494 1.206
148.093 1.149 71.323 1.160
145.890 1.171 71.119 1.259
143.683 1.106 70.912 1.205
141.410 1.142 70.642 1.175
139.092 1.136 70.460 1.263
136.780 1.131 70.382 1.229
134.297 1.075 70.298 1.262
131.936 1.100 70.184 1.283
129.575 1.066 70.165 1.307
127.071 1.025 70.068 1.286
124.657 0.959 70.168 1.286
122.238 0.988 70.201 1.310
119.812 0.903 70.208 1.272
117.386 0.910 70.370 1.316
115.068 0.849 70.422 1.247
112.668 0.818 70.688 1.263
110.478 0.767 70.895 1.172
108.188 0.737 71.032 1.290
106.076 0.672 71.346 1.250
103.962 0.654 71.559 1.229
101.875 0.633 71.878 1.211
---
167.597 0.979 72.897 0.982
165.991 1.037 72.560 1.021
164.591 1.056 72.232 1.031
162.918 1.056 71.821 1.026
161.303 1.063 71.509 1.110
159.608 1.055 71.121 1.091
157.871 1.136 70.871 1.130
156.058 1.156 70.534 1.079
154.095 1.081 70.153 1.098
152.184 1.147 69.866 1.159
150.100 1.133 69.600 1.184
147.972 1.163 69.360 1.196
145.882 1.157 69.031 1.160
143.697 1.104 68.854 1.160
141.401 1.115 68.586 1.179
139.079 1.110 68.468 1.191
136.706 1.111 68.290 1.205
134.352 1.074 68.120 1.203
131.992 1.100 68.069 1.257
129.559 1.089 67.985 1.240
127.054 1.005 68.011 1.266
124.580 0.996 67.990 1.269
122.134 0.979 68.060 1.259
119.796 0.939 68.099 1.286
117.374 0.862 68.291 1.214
115.031 0.868 68.355 1.245
112.714 0.827 68.616 1.210
110.417 0.783 68.788 1.207
108.237 0.745 69.021 1.190
106.048 0.679 69.345 1.231
103.956 0.643 69.603 1.187
101.963 0.620 69.914 1.158
---
167.382 1.002 71.202 0.931
166.034 1.002 70.898 1.015
164.529 1.046 70.485 1.047
162.898 1.051 70.179 1.028
161.395 1.133 69.645 1.080
159.637 1.106 69.263 1.085
157.849 1.097 69.074 1.016
156.041 1.109 68.643 1.061
154.106 1.128 68.314 1.114
152.205 1.158 67.936 1.081
150.093 1.110 67.714 1.103
148.088 1.161 67.396 1.158
145.906 1.135 67.104 1.164
143.626 1.152 66.816 1.156
141.368 1.122 66.669 1.203
139.079 1.125 66.386 1.148
136.771 1.103 66.221 1.231
134.346 1.114 66.142 1.187
131.955 1.060 66.001 1.195
129.568 1.025 65.970 1.197
127.076 1.041 65.894 1.190
124.649 0.959 65.946 1.200
122.158 0.936 65.985 1.210
119.777 0.927 66.023 1.219
117.381 0.891 66.210 1.222
115.056 0.825 66.430 1.184
112.703 0.793 66.566 1.244
110.443 0.771 66.812 1.199
108.227 0.723 67.013 1.214
106.102 0.677 67.285 1.155
103.961 0.648 67.627 1.148
101.927 0.621 67.987 1.187
---
167.476 0.999 69.569 0.968
165.988 1.042 69.196 0.985
164.506 1.063 68.741 0.910
162.923 1.099 68.431 0.996
161.340 1.061 67.992 1.036
159.637 1.078 67.550 1.075
157.867 1.079 67.246 1.023
156.015 1.078 66.841 1.064
154.119 1.151 66.485 1.095
152.148 1.166 66.123 1.069
150.123 1.164 65.866 1.139
147.998 1.188 65.431 1.132
145.886 1.128 65.197 1.109
143.643 1.170 64.819 1.127
141.376 1.150 64.637 1.132
139.066 1.114 64.432 1.161
136.774 1.112 64.210 1.113
134.311 1.077 64.183 1.213
131.942 1.095 63.973 1.188
129.529 1.031 63.964 1.178
127.078 0.979 63.867 1.214
124.608 0.977 63.958 1.204
122.144 0.955 64.027 1.199
119.781 0.898 64.108 1.174
117.376 0.854 64.191 1.176
115.114 0.841 64.354 1.194
112.727 0.792 64.601 1.209
110.439 0.770 64.894 1.202
108.213 0.741 65.076 1.204
106.076 0.693 65.438 1.201
103.988 0.664 65.676 1.160
101.931 0.641 66.041 1.141
---
167.409 0.998 68.056 0.953
165.940 1.002 67.569 0.934
164.569 1.102 67.197 0.937
162.951 1.049 66.677 1.011
161.302 1.065 66.335 0.989
159.603 1.095 65.922 0.992
157.781 1.158 65.512 0.993
156.057 1.138 65.035 1.087
154.141 1.167 64.622 1.053
152.186 1.135 64.280 1.124
150.139 1.163 63.981 1.052
148.082 1.179 63.619 1.085
145.805 1.161 63.246 1.091
143.659 1.172 63.033 1.131
141.452 1.135 62.727 1.075
139.101 1.127 62.461 1.101
136.693 1.100 62.362 1.151
134.296 1.115 62.218 1.207
131.939 1.061 62.041 1.180
129.462 1.055 61.985 1.159
127.110 1.002 62.013 1.153
124.606 0.968 62.002 1.194
122.232 0.963 62.104 1.188
119.726 0.911 62.189 1.142
117.370 0.881 62.282 1.170
115.063 0.821 62.518 1.228
112.687 0.810 62.784 1.130
110.432 0.788 63.045 1.147
108.198 0.728 63.212 1.185
106.060 0.684 63.553 1.153
103.930 0.647 63.925 1.094
101.948 0.618 64.213 1.157
---
167.436 0.975 66.436 0.869
165.925 1.070 65.904 0.938
164.424 1.049 65.473 0.926
162.969 1.114 65.047 0.975
161.346 1.049 64.619 0.976
159.735 1.078 64.141 0.984
157.838 1.126 63.795 0.960
156.058 1.158 63.312 0.983
154.118 1.120 62.868 1.060
152.094 1.088 62.531 0.999
150.092 1.137 62.118 1.070
147.994 1.177 61.817 1.054
145.842 1.170 61.448 1.031
143.673 1.124 61.201 1.032
141.452 1.075 60.920 1.072
139.066 1.114 60.680 1.068
136.730 1.110 60.468 1.120
134.382 1.096 60.345 1.122
131.965 1.085 60.177 1.133
129.524 1.009 60.126 1.134
127.082 1.035 60.116 1.137
124.648 0.957 60.143 1.156
122.174 0.933 60.185 1.168
119.740 0.886 60.362 1.162
117.399 0.903 60.419 1.176
115.042 0.857 60.630 1.163
112.723 0.809 60.869 1.095
110.460 0.755 61.106 1.160
108.237 0.722 61.367 1.150
106.083 0.694 61.736 1.099
104.008 0.673 62.112 1.113
101.924 0.614 62.487 1.118
---
167.407 1.035 64.819 0.915
166.101 0.986 64.395 0.894
164.463 1.039 63.900 0.921
162.931 1.065 63.460 0.925
161.420 1.028 63.005 0.914
159.634 1.044 62.520 0.932
157.818 1.067 62.023 0.979
156.024 1.120 61.595 0.995
154.126 1.156 61.237 0.994
152.261 1.122 60.741 1.014
150.010 1.166 60.466 0.995
148.043 1.157 60.111 1.012
145.876 1.115 59.757 1.027
143.683 1.145 59.408 1.035
141.350 1.130 59.109 1.058
139.118 1.138 58.901 1.064
136.756 1.141 58.700 1.141
134.384 1.090 58.544 1.060
131.918 1.072 58.458 1.100
129.466 1.038 58.337 1.119
127.089 1.045 58.338 1.091
124.599 0.997 58.378 1.128
122.208 0.997 58.379 1.045
119.806 0.905 58.505 1.115
117.313 0.865 58.720 1.134
115.015 0.861 58.833 1.093
112.760 0.815 59.062 1.149
110.445 0.748 59.371 1.126
108.235 0.758 59.779 1.086
106.073 0.679 59.981 1.108
103.965 0.666 60.365 1.086
101.877 0.607 60.755 1.092
---
167.417 0.990 63.331 0.887
165.971 0.998 62.825 0.902
164.467 0.996 62.322 0.845
162.921 1.012 61.900 0.899
161.230 1.071 61.406 0.905
159.525 1.048 60.970 0.921
157.820 1.112 60.488 0.945
156.088 1.057 60.027 0.903
154.065 1.166 59.553 0.926
152.170 1.103 59.192 0.972
150.145 1.141 58.772 0.962
148.040 1.156 58.413 0.992
145.911 1.175 58.028 0.965
143.605 1.179 57.718 0.977
141.368 1.126 57.434 1.051
139.058 1.115 57.119 1.022
136.736 1.096 56.971 1.078
134.304 1.087 56.797 1.040
131.954 1.116 56.683 1.067
129.505 1.103 56.691 1.094
127.055 0.995 56.599 1.046
124.645 1.000 56.632 1.138
122.154 0.925 56.686 1.061
119.786 0.941 56.827 1.098
117.378 0.847 56.982 1.041
115.070 0.850 57.133 1.083
112.679 0.780 57.440 1.074
110.433 0.774 57.677 1.087
108.171 0.752 57.965 1.082
106.079 0.725 58.314 1.066
103.959 0.659 58.792 1.048
101.973 0.628 59.153 1.094
