Det2 phi theta
---
-26.827 -12.618
-27.313 -14.065
-27.844 -15.636
-28.323 -17.228
-28.787 -18.841
-29.297 -20.557
-29.765 -22.353
-30.260 -24.189
-30.648 -26.116
-31.085 -28.114
-31.500 -30.179
-31.885 -32.311
-32.215 -34.524
-32.501 -36.668
-32.799 -38.950
-33.070 -41.368
-33.268 -43.730
-33.386 -46.122
-33.511 -48.529
-33.577 -50.979
-33.629 -53.459
-33.558 -55.947
-33.471 -58.350
-33.367 -60.738
-33.205 -63.193
-32.966 -65.521
-32.724 -67.889
-32.389 -70.085
-32.088 -72.358
-31.718 -74.490
-31.350 -76.550
-30.924 -78.597
---
-25.375 -12.626
-25.813 -14.091
-26.325 -15.649
-26.746 -17.235
-27.230 -18.872
-27.690 -20.574
-28.136 -22.374
-28.581 -24.214
-29.006 -26.127
-29.463 -28.127
-29.818 -30.187
-30.212 -32.301
-30.495 -34.477
-30.820 -36.655
-31.126 -38.999
-31.347 -41.323
-31.525 -43.695
-31.681 -46.103
-31.747 -48.556
-31.865 -50.983
-31.873 -53.457
-31.841 -55.914
-31.748 -58.358
-31.632 -60.778
-31.436 -63.190
-31.245 -65.522
-30.996 -67.843
-30.716 -70.138
-30.405 -72.305
-30.077 -74.466
-29.666 -76.616
-29.251 -78.630
---
-23.801 -12.594
-24.273 -14.109
-24.669 -15.587
-25.196 -17.231
-25.600 -18.839
-26.027 -20.581
-26.500 -22.376
-26.901 -24.240
-27.322 -26.152
-27.701 -28.127
-28.075 -30.176
-28.424 -32.292
-28.767 -34.479
-29.046 -36.678
-29.323 -38.981
-29.543 -41.317
-29.721 -43.750
-29.938 -46.132
-30.004 -48.558
-30.049 -50.990
-30.056 -53.408
-30.028 -55.903
-29.942 -58.373
-29.820 -60.796
-29.670 -63.172
-29.447 -65.534
-29.231 -67.861
-28.972 -70.100
-28.639 -72.345
-28.303 -74.503
-27.955 -76.598
-27.562 -78.633
---
-22.192 -12.630
-22.659 -14.125
-23.082 -15.632
-23.478 -17.203
-23.890 -18.832
-24.345 -20.559
-24.768 -22.388
-25.179 -24.204
-25.554 -26.156
-25.967 -28.115
-26.313 -30.169
-26.634 -32.295
-26.938 -34.482
-27.210 -36.727
-27.455 -38.984
-27.726 -41.332
-27.888 -43.698
-28.013 -46.115
-28.116 -48.515
-28.186 -51.020
-28.220 -53.423
-28.184 -55.910
-28.100 -58.340
-27.961 -60.776
-27.812 -63.208
-27.643 -65.521
-27.361 -67.843
-27.102 -70.126
-26.829 -72.322
-26.502 -74.504
-26.164 -76.587
-25.793 -78.606
---
-20.611 -12.643
-21.034 -14.137
-21.401 -15.633
-21.805 -17.227
-22.199 -18.874
-22.591 -20.557
-22.983 -22.382
-23.372 -24.220
-23.745 -26.152
-24.079 -28.123
-24.411 -30.186
-24.743 -32.315
-25.055 -34.485
-25.323 -36.730
-25.557 -38.972
-25.734 -41.328
-25.961 -43.701
-26.105 -46.145
-26.163 -48.568
-26.223 -51.019
-26.232 -53.462
-26.214 -55.903
-26.151 -58.339
-26.051 -60.767
-25.911 -63.171
-25.680 -65.502
-25.474 -67.907
-25.235 -70.133
-24.946 -72.333
-24.625 -74.474
-24.292 -76.593
-23.998 -78.614
---
-18.944 -12.646
-19.312 -14.097
-19.695 -15.652
-20.058 -17.170
-20.430 -18.846
-20.817 -20.592
-21.193 -22.356
-21.530 -24.204
-21.845 -26.152
-22.198 -28.087
-22.547 -30.193
-22.833 -32.321
-23.104 -34.486
-23.378 -36.715
-23.566 -38.991
-23.811 -41.338
-23.982 -43.721
-24.099 -46.132
-24.174 -48.538
-24.228 -50.976
-24.215 -53.478
-24.206 -55.936
-24.140 -58.363
-24.075 -60.766
-23.910 -63.174
-23.716 -65.517
-23.539 -67.859
-23.303 -70.135
-23.022 -72.349
-22.742 -74.499
-22.420 -76.598
-22.057 -78.593
---
-17.262 -12.655
-17.568 -14.104
-17.941 -15.628
-18.307 -17.216
-18.635 -18.871
-18.956 -20.571
-19.366 -22.331
-19.679 -24.215
-19.945 -26.169
-20.279 -28.122
-20.546 -30.142
-20.888 -32.293
-21.112 -34.463
-21.342 -36.688
-21.565 -38.986
-21.743 -41.336
-21.900 -43.687
-22.022 -46.125
-22.140 -48.533
-22.164 -51.034
-22.157 -53.407
-22.119 -55.907
-22.090 -58.338
-21.943 -60.794
-21.835 -63.177
-21.704 -65.502
-21.476 -67.850
-21.272 -70.098
-21.010 -72.319
-20.766 -74.501
-20.451 -76.589
-20.160 -78.621
---
-15.545 -12.652
-15.818 -14.098
-16.152 -15.663
-16.463 -17.205
-16.770 -18.863
-17.145 -20.589
-17.377 -22.380
-17.715 -24.226
-17.987 -26.156
-18.287 -28.119
-18.555 -30.181
-18.829 -32.304
-19.052 -34.494
-19.255 -36.722
-19.463 -39.012
-19.659 -41.345
-19.765 -43.677
-19.870 -46.122
-19.950 -48.535
-20.054 -50.998
-20.024 -53.468
-19.991 -55.913
-19.938 -58.339
-19.843 -60.769
-19.700 -63.149
-19.609 -65.560
-19.391 -67.850
-19.191 -70.069
-18.977 -72.331
-18.729 -74.506
-18.486 -76.560
-18.202 -78.612
---
-13.767 -12.665
-14.049 -14.112
-14.319 -15.592
-14.628 -17.192
-14.921 -18.853
-15.160 -20.584
-15.454 -22.360
-15.736 -24.213
-16.041 -26.155
-16.259 -28.107
-16.525 -30.194
-16.742 -32.299
-16.984 -34.453
-17.169 -36.677
-17.313 -39.012
-17.491 -41.370
-17.559 -43.710
-17.700 -46.107
-17.763 -48.562
-17.823 -51.001
-17.828 -53.452
-17.778 -55.903
-17.779 -58.342
-17.671 -60.804
-17.587 -63.187
-17.429 -65.564
-17.228 -67.856
-17.063 -70.120
-16.853 -72.320
-16.651 -74.491
-16.414 -76.571
-16.204 -78.616
---
-11.986 -12.654
-12.230 -14.127
-12.493 -15.579
-12.738 -17.206
-12.967 -18.863
-13.262 -20.568
-13.475 -22.357
-13.732 -24.237
-13.968 -26.109
-14.188 -28.145
-14.437 -30.199
-14.591 -32.305
-14.782 -34.476
-14.974 -36.650
-15.095 -39.002
-15.249 -41.370
-15.391 -43.709
-15.454 -46.114
-15.521 -48.549
-15.598 -51.010
-15.561 -53.479
-15.561 -55.926
-15.514 -58.336
-15.428 -60.783
-15.331 -63.152
-15.211 -65.568
-15.071 -67.858
-14.910 -70.106
-14.734 -72.321
-14.559 -74.469
-14.290 -76.599
-14.119 -78.624
---
-10.177 -12.634
-10.368 -14.108
-10.635 -15.644
-10.826 -17.217
-11.056 -18.855
-11.282 -20.586
-11.444 -22.343
-11.684 -24.218
-11.870 -26.129
-12.114 -28.172
-12.247 -30.184
-12.429 -32.288
-12.619 -34.448
-12.730 -36.687
-12.876 -38.973
-13.004 -41.336
-13.070 -43.732
-13.173 -46.086
-13.233 -48.561
-13.250 -51.009
-13.270 -53.440
-13.257 -55.910
-13.197 -58.351
-13.131 -60.783
-13.043 -63.144
-12.964 -65.500
-12.832 -67.866
-12.691 -70.113
-12.550 -72.322
-12.377 -74.494
-12.187 -76.559
-11.990 -78.617
---
-8.358 -12.646
-8.512 -14.108
-8.720 -15.631
-8.875 -17.236
-9.054 -18.865
-9.250 -20.573
-9.410 -22.366
-9.602 -24.221
-9.795 -26.125
-9.917 -28.146
-10.081 -30.162
-10.226 -32.302
-10.352 -34.470
-10.518 -36.715
-10.593 -38.997
-10.727 -41.350
-10.773 -43.690
-10.816 -46.126
-10.894 -48.555
-10.918 -51.012
-10.913 -53.447
-10.893 -55.906
-10.902 -58.384
-10.833 -60.790
-10.728 -63.215
-10.662 -65.531
-10.555 -67.866
-10.466 -70.124
-10.308 -72.332
-10.175 -74.486
-10.027 -76.587
-9.888 -78.601
---
-6.531 -12.653
-6.642 -14.114
-6.802 -15.614
-6.923 -17.235
-7.057 -18.846
-7.189 -20.574
-7.346 -22.331
-7.513 -24.222
-7.629 -26.131
-7.762 -28.159
-7.855 -30.169
-7.997 -32.324
-8.129 -34.479
-8.143 -36.712
-8.288 -38.994
-8.391 -41.335
-8.415 -43.705
-8.491 -46.099
-8.492 -48.543
-8.542 -51.003
-8.536 -53.472
-8.525 -55.907
-8.497 -58.379
-8.437 -60.796
-8.385 -63.147
-8.343 -65.532
-8.244 -67.842
-8.151 -70.092
-8.030 -72.351
-7.944 -74.489
-7.835 -76.578
-7.686 -78.605
---
-4.647 -12.630
-4.761 -14.120
-4.877 -15.626
-5.002 -17.189
-5.088 -18.856
-5.150 -20.538
-5.273 -22.377
-5.346 -24.191
-5.468 -26.114
-5.556 -28.118
-5.628 -30.172
-5.697 -32.293
-5.841 -34.480
-5.885 -36.732
-5.937 -38.989
-5.985 -41.321
-6.050 -43.684
-6.099 -46.111
-6.088 -48.530
-6.100 -50.969
-6.130 -53.460
-6.105 -55.898
-6.085 -58.376
-6.060 -60.771
-6.033 -63.168
-5.978 -65.515
-5.938 -67.860
-5.857 -70.142
-5.775 -72.331
-5.701 -74.496
-5.623 -76.569
-5.481 -78.580
---
-2.824 -12.639
-2.838 -14.144
-2.938 -15.608
-2.984 -17.238
-3.059 -18.830
-3.115 -20.567
-3.189 -22.378
-3.255 -24.207
-3.252 -26.144
-3.320 -28.137
-3.379 -30.206
-3.432 -32.279
-3.485 -34.487
-3.527 -36.709
-3.534 -39.022
-3.595 -41.340
-3.618 -43.716
-3.665 -46.107
-3.648 -48.580
-3.707 -51.000
-3.657 -53.442
-3.659 -55.910
-3.655 -58.383
-3.645 -60.779
-3.621 -63.176
-3.561 -65.540
-3.568 -67.875
-3.503 -70.134
-3.469 -72.330
-3.407 -74.508
-3.405 -76.603
-3.307 -78.593
---
-0.963 -12.646
-1.000 -14.095
-1.019 -15.627
-1.034 -17.183
-1.004 -18.855
-1.060 -20.553
-1.036 -22.359
-1.082 -24.228
-1.079 -26.151
-1.143 -28.136
-1.105 -30.176
-1.166 -32.277
-1.161 -34.490
-1.176 -36.702
-1.199 -39.041
-1.190 -41.313
-1.192 -43.700
-1.216 -46.154
-1.206 -48.567
-1.260 -50.979
-1.222 -53.444
-1.237 -55.907
-1.215 -58.337
-1.199 -60.766
-1.193 -63.156
-1.174 -65.537
-1.188 -67.902
-1.159 -70.141
-1.150 -72.337
-1.129 -74.487
-1.092 -76.596
-1.118 -78.630
---
0.939 -12.644
0.944 -14.107
0.980 -15.627
1.005 -17.210
1.012 -18.861
1.008 -20.599
1.035 -22.373
1.073 -24.238
1.085 -26.132
1.100 -28.149
1.109 -30.164
1.147 -32.267
1.151 -34.475
1.180 -36.740
1.180 -38.979
1.208 -41.353
1.209 -43.707
1.230 -46.118
1.227 -48.556
1.208 -50.968
1.249 -53.449
1.218 -55.899
1.205 -58.352
1.253 -60.765
1.226 -63.154
1.197 -65.538
1.183 -67.876
1.162 -70.110
1.133 -72.352
1.140 -74.510
1.155 -76.583
1.112 -78.616
---
2.804 -12.621
2.874 -14.112
2.936 -15.630
2.975 -17.184
3.047 -18.851
3.102 -20.568
3.158 -22.367
3.235 -24.181
3.295 -26.144
3.351 -28.140
3.411 -30.175
3.411 -32.303
3.485 -34.479
3.539 -36.758
3.562 -39.004
3.603 -41.323
3.647 -43.715
3.682 -46.116
3.670 -48.554
3.667 -50.995
3.675 -53.482
3.649 -55.893
3.660 -58.389
3.649 -60.747
3.607 -63.152
3.613 -65.528
3.566 -67.864
3.500 -70.125
3.508 -72.321
3.420 -74.494
3.401 -76.610
3.314 -78.596
---
4.662 -12.637
4.763 -14.120
4.837 -15.594
4.983 -17.221
5.047 -18.870
5.134 -20.578
5.290 -22.363
5.366 -24.201
5.464 -26.113
5.519 -28.138
5.615 -30.164
5.747 -32.301
5.805 -34.484
5.879 -36.664
5.946 -39.010
5.954 -41.320
6.064 -43.699
6.094 -46.119
6.120 -48.568
6.130 -50.996
6.120 -53.442
6.122 -55.954
6.084 -58.354
6.064 -60.765
6.051 -63.188
5.972 -65.511
5.927 -67.852
5.864 -70.139
5.738 -72.332
5.684 -74.498
5.634 -76.584
5.526 -78.600
---
6.528 -12.673
6.688 -14.115
6.800 -15.630
6.918 -17.204
7.090 -18.853
7.208 -20.567
7.395 -22.358
7.498 -24.237
7.639 -26.140
7.773 -28.141
7.843 -30.177
7.989 -32.291
8.088 -34.494
8.187 -36.730
8.273 -39.025
8.335 -41.329
8.404 -43.735
8.462 -46.136
8.511 -48.560
8.522 -50.974
8.540 -53.439
8.507 -55.898
8.487 -58.352
8.435 -60.797
8.413 -63.174
8.326 -65.517
8.230 -67.830
8.181 -70.134
8.056 -72.338
7.936 -74.504
7.822 -76.593
7.718 -78.613
---
8.358 -12.677
8.544 -14.103
8.703 -15.610
8.916 -17.196
9.092 -18.888
9.229 -20.583
9.412 -22.342
9.633 -24.189
9.741 -26.125
9.917 -28.140
10.073 -30.190
10.237 -32.316
10.349 -34.450
10.497 -36.701
10.604 -38.994
10.732 -41.305
10.743 -43.720
10.846 -46.108
10.904 -48.564
10.920 -50.980
10.931 -53.449
10.919 -55.919
10.846 -58.366
10.808 -60.740
10.759 -63.178
10.637 -65.513
10.547 -67.885
10.436 -70.140
10.346 -72.331
10.180 -74.460
10.008 -76.581
9.838 -78.643
---
10.198 -12.640
10.411 -14.069
10.621 -15.624
10.844 -17.212
11.066 -18.866
11.256 -20.571
11.456 -22.364
11.706 -24.237
11.868 -26.128
12.087 -28.131
12.254 -30.188
12.443 -32.300
12.601 -34.473
12.749 -36.727
12.899 -39.006
12.977 -41.375
13.106 -43.731
13.182 -46.096
13.243 -48.539
13.298 -51.002
13.264 -53.466
13.247 -55.911
13.231 -58.348
13.163 -60.763
13.071 -63.172
12.998 -65.535
12.840 -67.892
12.723 -70.085
12.548 -72.320
12.370 -74.481
12.207 -76.581
12.012 -78.614
---
11.968 -12.635
12.241 -14.086
12.500 -15.619
12.759 -17.228
12.961 -18.857
13.230 -20.571
13.497 -22.362
13.748 -24.197
13.981 -26.148
14.156 -28.107
14.416 -30.161
14.613 -32.297
14.802 -34.436
14.965 -36.691
15.151 -38.988
15.260 -41.326
15.388 -43.728
15.493 -46.130
15.549 -48.517
15.561 -50.978
15.546 -53.441
15.530 -55.919
15.502 -58.338
15.440 -60.785
15.336 -63.166
15.216 -65.533
15.085 -67.827
14.884 -70.117
14.749 -72.313
14.524 -74.509
14.320 -76.611
14.089 -78.636
---
13.799 -12.658
14.070 -14.115
14.353 -15.646
14.616 -17.229
14.898 -18.858
15.186 -20.592
15.481 -22.356
15.753 -24.171
16.013 -26.130
16.254 -28.082
16.476 -30.181
16.733 -32.273
16.965 -34.475
17.152 -36.655
17.334 -38.971
17.463 -41.341
17.606 -43.750
17.724 -46.083
17.750 -48.555
17.817 -50.992
17.794 -53.468
17.800 -55.879
17.752 -58.385
17.649 -60.771
17.564 -63.158
17.444 -65.495
17.291 -67.847
17.100 -70.137
16.900 -72.329
16.682 -74.471
16.417 -76.581
16.206 -78.618
---
15.506 -12.625
15.863 -14.112
16.158 -15.621
16.462 -17.217
16.771 -18.858
17.077 -20.581
17.439 -22.369
17.699 -24.215
18.020 -26.145
18.318 -28.108
18.550 -30.172
18.824 -32.310
19.077 -34.474
19.305 -36.712
19.491 -39.000
19.625 -41.338
19.750 -43.702
19.881 -46.111
19.935 -48.594
20.020 -50.980
20.019 -53.473
20.008 -55.890
19.928 -58.349
19.842 -60.780
19.747 -63.162
19.606 -65.508
19.420 -67.853
19.167 -70.108
18.967 -72.347
18.694 -74.513
18.468 -76.607
18.172 -78.614
---
17.238 -12.644
17.552 -14.089
17.967 -15.616
18.282 -17.179
18.650 -18.829
18.960 -20.575
19.340 -22.372
19.679 -24.237
20.006 -26.124
20.233 -28.104
20.564 -30.147
20.880 -32.266
21.110 -34.463
21.365 -36.722
21.565 -38.985
21.727 -41.315
21.899 -43.722
21.999 -46.119
22.108 -48.542
22.116 -50.993
22.147 -53.452
22.134 -55.902
22.077 -58.383
21.962 -60.798
21.840 -63.179
21.666 -65.548
21.491 -67.889
21.279 -70.113
21.024 -72.369
20.757 -74.528
20.461 -76.585
20.188 -78.606
---
18.939 -12.628
19.327 -14.094
19.688 -15.606
20.082 -17.247
20.419 -18.852
20.840 -20.580
21.160 -22.351
21.553 -24.187
21.887 -26.100
22.261 -28.145
22.531 -30.168
22.832 -32.323
23.099 -34.467
23.382 -36.709
23.602 -39.007
23.813 -41.294
23.949 -43.680
24.097 -46.180
24.148 -48.592
24.266 -50.990
24.251 -53.468
24.199 -55.874
24.139 -58.316
24.031 -60.772
23.881 -63.167
23.743 -65.562
23.534 -67.889
23.306 -70.099
23.028 -72.315
22.719 -74.515
22.433 -76.570
22.099 -78.638
---
20.576 -12.644
21.000 -14.136
21.400 -15.581
21.813 -17.206
22.190 -18.817
22.610 -20.566
23.020 -22.367
23.400 -24.201
23.741 -26.125
24.110 -28.152
24.389 -30.186
24.756 -32.330
25.071 -34.485
25.318 -36.696
25.553 -38.956
25.768 -41.353
25.938 -43.710
26.094 -46.099
26.199 -48.576
26.233 -50.990
26.239 -53.470
26.226 -55.893
26.138 -58.359
26.042 -60.788
25.884 -63.197
25.702 -65.508
25.520 -67.872
25.236 -70.106
24.933 -72.362
24.641 -74.471
24.335 -76.571
23.992 -78.607
---
22.225 -12.661
22.647 -14.093
23.068 -15.622
23.465 -17.173
23.869 -18.851
24.350 -20.585
24.740 -22.329
25.147 -24.230
25.587 -26.129
25.921 -28.176
26.319 -30.153
26.618 -32.291
26.935 -34.495
27.236 -36.660
27.465 -39.010
27.726 -41.347
27.850 -43.680
27.987 -46.105
28.097 -48.552
28.159 -51.013
28.206 -53.456
28.165 -55.887
28.091 -58.347
27.969 -60.786
27.785 -63.228
27.636 -65.539
27.386 -67.830
27.119 -70.115
26.833 -72.340
26.518 -74.515
26.158 -76.602
25.802 -78.595
---
23.812 -12.652
24.251 -14.097
24.713 -15.601
25.153 -17.202
25.602 -18.885
26.076 -20.570
26.464 -22.389
26.929 -24.214
27.298 -26.132
27.721 -28.108
28.085 -30.178
28.450 -32.294
28.738 -34.458
29.058 -36.711
29.312 -38.989
29.540 -41.362
29.723 -43.705
29.893 -46.114
30.003 -48.533
30.017 -50.959
30.041 -53.457
30.037 -55.909
29.939 -58.379
29.841 -60.767
29.640 -63.197
29.459 -65.530
29.226 -67.827
28.926 -70.144
28.629 -72.364
28.311 -74.510
27.984 -76.579
27.523 -78.624
---
25.347 -12.622
25.839 -14.119
26.284 -15.607
26.754 -17.206
27.215 -18.881
27.701 -20.562
28.175 -22.351
28.552 -24.198
28.997 -26.118
29.401 -28.134
29.809 -30.187
30.152 -32.268
30.535 -34.539
30.821 -36.709
31.094 -38.982
31.338 -41.309
31.559 -43.709
31.670 -46.102
31.773 -48.548
31.850 -51.005
31.878 -53.468
31.835 -55.916
31.769 -58.335
31.652 -60.736
31.457 -63.211
31.253 -65.561
30.975 -67.846
30.683 -70.108
30.392 -72.340
30.042 -74.484
29.686 -76.594
29.288 -78.646
---
26.847 -12.651
27.341 -14.121
27.812 -15.615
28.340 -17.192
28.792 -18.829
29.297 -20.547
29.743 -22.354
30.216 -24.178
30.663 -26.118
31.092 -28.151
31.459 -30.140
31.878 -32.270
32.220 -34.460
32.540 -36.739
32.797 -38.957
33.026 -41.308
33.278 -43.750
33.437 -46.090
33.534 -48.550
33.580 -50.995
33.589 -53.454
33.587 -55.932
33.474 -58.341
33.351 -60.777
33.198 -63.137
32.962 -65.529
32.705 -67.843
32.411 -70.117
32.098 -72.347
31.697 -74.513
31.327 -76.596
30.958 -78.586
