Det5 phi theta
---
-30.599 -10.768
-31.016 -12.614
-31.354 -14.662
-31.781 -16.779
-32.095 -18.958
-32.433 -21.241
-32.667 -23.443
-32.861 -25.744
-33.079 -28.174
-33.246 -30.528
-33.344 -32.944
-33.394 -35.375
-33.401 -37.819
-33.349 -40.225
-33.250 -42.700
-33.142 -45.074
-32.970 -47.484
-32.744 -49.794
-32.484 -52.064
-32.147 -54.317
-31.876 -56.558
-31.507 -58.674
-31.108 -60.723
-30.722 -62.794
-30.263 -64.703
-29.861 -66.587
-29.383 -68.397
-28.910 -70.123
-28.453 -71.852
-27.960 -73.402
-27.492 -74.994
-26.987 -76.486
---
-28.974 -10.758
-29.323 -12.658
-29.711 -14.669
-30.031 -16.738
-30.371 -18.969
-30.675 -21.176
-30.958 -23.445
-31.197 -25.804
-31.341 -28.132
-31.511 -30.551
-31.610 -32.937
-31.661 -35.415
-31.684 -37.825
-31.629 -40.262
-31.549 -42.704
-31.451 -45.105
-31.241 -47.463
-31.014 -49.811
-30.829 -52.115
-30.521 -54.337
-30.174 -56.542
-29.836 -58.706
-29.462 -60.707
-29.084 -62.732
-28.646 -64.683
-28.219 -66.568
-27.793 -68.365
-27.328 -70.117
-26.833 -71.808
-26.405 -73.420
-25.926 -74.988
-25.514 -76.450
---
-27.264 -10.809
-27.649 -12.624
-28.005 -14.669
-28.309 -16.757
-28.636 -18.962
-28.906 -21.168
-29.209 -23.496
-29.402 -25.769
-29.549 -28.109
-29.709 -30.550
-29.836 -32.972
-29.863 -35.409
-29.892 -37.862
-29.828 -40.248
-29.760 -42.662
-29.643 -45.088
-29.494 -47.430
-29.246 -49.800
-29.054 -52.072
-28.746 -54.353
-28.425 -56.541
-28.088 -58.684
-27.727 -60.774
-27.335 -62.745
-26.995 -64.735
-26.538 -66.610
-26.109 -68.376
-25.690 -70.134
-25.282 -71.799
-24.808 -73.431
-24.351 -74.930
-23.910 -76.458
---
-25.532 -10.752
-25.842 -12.617
-26.174 -14.626
-26.525 -16.776
-26.788 -18.937
-27.126 -21.201
-27.318 -23.474
-27.553 -25.778
-27.708 -28.153
-27.885 -30.533
-27.930 -32.942
-27.967 -35.359
-27.988 -37.866
-27.930 -40.244
-27.897 -42.696
-27.766 -45.079
-27.582 -47.476
-27.392 -49.773
-27.170 -52.114
-26.914 -54.363
-26.598 -56.522
-26.290 -58.673
-25.958 -60.763
-25.617 -62.723
-25.233 -64.717
-24.833 -66.569
-24.440 -68.379
-24.032 -70.179
-23.606 -71.808
-23.160 -73.409
-22.735 -74.965
-22.274 -76.488
---
-23.723 -10.763
-24.008 -12.605
-24.369 -14.690
-24.653 -16.773
-24.945 -18.948
-25.218 -21.171
-25.428 -23.477
-25.641 -25.816
-25.796 -28.155
-25.920 -30.508
-26.027 -32.962
-26.043 -35.373
-26.084 -37.834
-26.045 -40.276
-25.978 -42.728
-25.885 -45.046
-25.719 -47.497
-25.531 -49.805
-25.279 -52.098
-25.039 -54.369
-24.756 -56.569
-24.476 -58.693
-24.123 -60.747
-23.796 -62.742
-23.425 -64.711
-23.041 -66.600
-22.673 -68.416
-22.279 -70.115
-21.908 -71.793
-21.502 -73.402
-21.135 -74.953
-20.667 -76.482
---
-21.856 -10.751
-22.166 -12.617
-22.444 -14.649
-22.734 -16.790
-23.013 -18.989
-23.247 -21.199
-23.470 -23.450
-23.682 -25.788
-23.784 -28.177
-23.918 -30.571
-24.002 -32.945
-24.053 -35.383
-24.059 -37.843
-24.052 -40.223
-23.935 -42.694
-23.857 -45.105
-23.729 -47.473
-23.550 -49.807
-23.339 -52.074
-23.097 -54.322
-22.869 -56.518
-22.557 -58.667
-22.243 -60.724
-21.927 -62.780
-21.602 -64.729
-21.256 -66.564
-20.871 -68.373
-20.517 -70.098
-20.138 -71.812
-19.791 -73.425
-19.374 -74.976
-19.030 -76.479
---
-19.914 -10.786
-20.180 -12.578
-20.486 -14.616
-20.733 -16.760
-21.015 -18.944
-21.255 -21.183
-21.469 -23.483
-21.657 -25.777
-21.768 -28.154
-21.860 -30.551
-21.940 -32.932
-22.016 -35.414
-22.002 -37.810
-21.945 -40.264
-21.913 -42.697
-21.804 -45.097
-21.651 -47.472
-21.489 -49.795
-21.325 -52.099
-21.108 -54.363
-20.850 -56.507
-20.613 -58.660
-20.287 -60.720
-20.002 -62.799
-19.731 -64.694
-19.335 -66.585
-19.024 -68.409
-18.705 -70.121
-18.356 -71.787
-18.015 -73.425
-17.680 -74.977
-17.350 -76.459
---
-17.982 -10.788
-18.208 -12.593
-18.472 -14.673
-18.737 -16.771
-18.991 -18.945
-19.187 -21.165
-19.368 -23.485
-19.519 -25.785
-19.636 -28.143
-19.749 -30.530
-19.822 -32.985
-19.888 -35.397
-19.862 -37.789
-19.875 -40.265
-19.796 -42.739
-19.680 -45.083
-19.578 -47.475
-19.395 -49.833
-19.265 -52.118
-19.038 -54.328
-18.833 -56.559
-18.599 -58.644
-18.345 -60.711
-18.041 -62.765
-17.759 -64.691
-17.415 -66.639
-17.206 -68.398
-16.863 -70.125
-16.531 -71.814
-16.226 -73.427
-15.930 -74.970
-15.605 -76.462
---
-15.992 -10.768
-16.198 -12.622
-16.446 -14.669
-16.658 -16.768
-16.885 -18.932
-17.032 -21.178
-17.246 -23.437
-17.348 -25.754
-17.488 -28.162
-17.585 -30.538
-17.660 -32.974
-17.725 -35.387
-17.689 -37.841
-17.703 -40.256
-17.614 -42.683
-17.519 -45.089
-17.427 -47.489
-17.260 -49.748
-17.117 -52.112
-16.946 -54.361
-16.737 -56.550
-16.527 -58.666
-16.292 -60.748
-16.054 -62.761
-15.787 -64.688
-15.519 -66.566
-15.229 -68.383
-14.931 -70.162
-14.666 -71.807
-14.431 -73.417
-14.112 -74.945
-13.849 -76.450
---
-13.913 -10.780
-14.146 -12.615
-14.328 -14.690
-14.538 -16.761
-14.677 -18.897
-14.891 -21.146
-15.050 -23.488
-15.164 -25.793
-15.292 -28.176
-15.364 -30.572
-15.407 -32.983
-15.441 -35.371
-15.448 -37.828
-15.466 -40.275
-15.362 -42.665
-15.289 -45.099
-15.216 -47.411
-15.107 -49.835
-14.922 -52.105
-14.762 -54.359
-14.616 -56.530
-14.417 -58.670
-14.208 -60.728
-14.014 -62.756
-13.757 -64.681
-13.534 -66.554
-13.275 -68.391
-13.062 -70.125
-12.811 -71.790
-12.538 -73.419
-12.288 -74.992
-12.066 -76.453
---
-11.852 -10.783
-12.056 -12.586
-12.187 -14.688
-12.391 -16.784
-12.524 -18.968
-12.715 -21.191
-12.853 -23.482
-12.890 -25.780
-13.056 -28.140
-13.095 -30.541
-13.129 -32.937
-13.171 -35.392
-13.158 -37.821
-13.165 -40.270
-13.090 -42.735
-13.072 -45.061
-12.950 -47.462
-12.842 -49.802
-12.709 -52.083
-12.611 -54.370
-12.428 -56.546
-12.281 -58.670
-12.111 -60.765
-11.915 -62.752
-11.715 -64.692
-11.530 -66.576
-11.280 -68.389
-11.072 -70.117
-10.866 -71.808
-10.664 -73.442
-10.454 -74.970
-10.246 -76.454
---
-9.746 -10.747
-9.887 -12.595
-10.057 -14.636
-10.196 -16.765
-10.340 -18.964
-10.456 -21.176
-10.558 -23.468
-10.629 -25.774
-10.697 -28.165
-10.779 -30.522
-10.808 -32.950
-10.872 -35.387
-10.843 -37.823
-10.819 -40.279
-10.794 -42.708
-10.761 -45.073
-10.645 -47.460
-10.581 -49.787
-10.500 -52.105
-10.363 -54.348
-10.247 -56.535
-10.107 -58.645
-9.937 -60.744
-9.779 -62.761
-9.604 -64.712
-9.444 -66.576
-9.318 -68.416
-9.088 -70.160
-8.917 -71.800
-8.763 -73.480
-8.608 -74.979
-8.408 -76.432
---
-7.616 -10.753
-7.749 -12.593
-7.824 -14.675
-7.965 -16.764
-8.054 -18.951
-8.154 -21.214
-8.251 -23.462
-8.290 -25.780
-8.341 -28.161
-8.433 -30.562
-8.448 -32.970
-8.475 -35.394
-8.497 -37.812
-8.433 -40.290
-8.424 -42.690
-8.440 -45.105
-8.327 -47.442
-8.270 -49.765
-8.188 -52.086
-8.105 -54.331
-8.003 -56.528
-7.863 -58.672
-7.772 -60.765
-7.664 -62.769
-7.484 -64.715
-7.395 -66.579
-7.234 -68.376
-7.129 -70.145
-6.941 -71.828
-6.836 -73.436
-6.687 -74.970
-6.558 -76.440
---
-5.466 -10.788
-5.531 -12.606
-5.624 -14.666
-5.708 -16.776
-5.786 -18.945
-5.857 -21.191
-5.897 -23.462
-5.938 -25.782
-5.977 -28.163
-6.017 -30.514
-6.079 -32.949
-6.043 -35.373
-6.066 -37.857
-6.042 -40.259
-6.033 -42.691
-6.013 -45.064
-5.980 -47.449
-5.913 -49.803
-5.826 -52.110
-5.805 -54.305
-5.697 -56.539
-5.631 -58.685
-5.561 -60.750
-5.497 -62.771
-5.391 -64.692
-5.283 -66.587
-5.204 -68.386
-5.104 -70.113
-4.978 -71.837
-4.848 -73.413
-4.800 -74.952
-4.684 -76.444
---
-3.284 -10.766
-3.350 -12.615
-3.381 -14.659
-3.407 -16.768
-3.495 -18.947
-3.526 -21.147
-3.571 -23.444
-3.584 -25.816
-3.625 -28.154
-3.623 -30.559
-3.685 -32.964
-3.669 -35.399
-3.640 -37.850
-3.640 -40.217
-3.623 -42.687
-3.608 -45.125
-3.567 -47.436
-3.537 -49.813
-3.517 -52.093
-3.473 -54.347
-3.436 -56.544
-3.390 -58.665
-3.328 -60.761
-3.297 -62.761
-3.259 -64.697
-3.200 -66.571
-3.115 -68.395
-3.053 -70.083
-2.985 -71.822
-2.912 -73.418
-2.889 -74.956
-2.830 -76.440
---
-1.099 -10.803
-1.085 -12.580
-1.141 -14.691
-1.153 -16.774
-1.160 -18.939
-1.144 -21.144
-1.194 -23.460
-1.176 -25.757
-1.210 -28.143
-1.222 -30.527
-1.243 -32.971
-1.230 -35.381
-1.232 -37.835
-1.193 -40.268
-1.212 -42.659
-1.216 -45.063
-1.190 -47.434
-1.182 -49.805
-1.174 -52.103
-1.191 -54.332
-1.141 -56.542
-1.139 -58.673
-1.112 -60.705
-1.103 -62.753
-1.101 -64.690
-1.038 -66.568
-1.059 -68.390
-1.039 -70.099
-0.988 -71.813
-0.925 -73.411
-0.954 -74.981
-0.906 -76.441
---
1.089 -10.740
1.105 -12.615
1.114 -14.651
1.133 -16.829
1.136 -18.969
1.172 -21.186
1.173 -23.485
1.188 -25.818
1.210 -28.122
1.231 -30.558
1.188 -32.964
1.242 -35.410
1.232 -37.833
1.218 -40.272
1.198 -42.700
1.210 -45.088
1.216 -47.451
1.161 -49.813
1.154 -52.120
1.134 -54.339
1.160 -56.515
1.151 -58.664
1.077 -60.737
1.071 -62.774
1.098 -64.721
1.051 -66.555
1.050 -68.409
1.036 -70.147
0.999 -71.791
0.995 -73.399
0.937 -74.971
0.932 -76.470
---
3.294 -10.762
3.345 -12.585
3.358 -14.656
3.435 -16.771
3.461 -18.994
3.479 -21.176
3.557 -23.454
3.565 -25.797
3.631 -28.169
3.618 -30.540
3.627 -32.958
3.647 -35.399
3.646 -37.805
3.626 -40.266
3.615 -42.690
3.628 -45.079
3.645 -47.451
3.570 -49.797
3.516 -52.085
3.519 -54.332
3.424 -56.546
3.411 -58.663
3.324 -60.734
3.279 -62.762
3.242 -64.681
3.216 -66.566
3.152 -68.425
3.056 -70.139
3.001 -71.821
2.945 -73.369
2.901 -74.994
2.829 -76.493
---
5.441 -10.792
5.528 -12.608
5.633 -14.637
5.724 -16.772
5.750 -18.938
5.836 -21.156
5.935 -23.503
5.940 -25.798
6.019 -28.143
6.035 -30.544
6.061 -32.994
6.055 -35.355
6.051 -37.839
6.095 -40.268
6.031 -42.677
6.028 -45.113
5.992 -47.468
5.926 -49.809
5.847 -52.097
5.798 -54.331
5.729 -56.554
5.615 -58.687
5.560 -60.755
5.454 -62.758
5.361 -64.684
5.257 -66.578
5.215 -68.404
5.091 -70.159
4.991 -71.814
4.898 -73.428
4.817 -74.997
4.666 -76.460
---
7.618 -10.777
7.733 -12.622
7.845 -14.689
7.963 -16.783
8.052 -18.952
8.149 -21.175
8.218 -23.499
8.302 -25.770
8.378 -28.153
8.428 -30.562
8.431 -32.916
8.461 -35.386
8.471 -37.837
8.476 -40.210
8.409 -42.691
8.389 -45.116
8.332 -47.453
8.308 -49.785
8.192 -52.137
8.094 -54.370
8.011 -56.546
7.869 -58.640
7.771 -60.764
7.608 -62.738
7.536 -64.693
7.379 -66.604
7.217 -68.371
7.098 -70.109
6.954 -71.788
6.798 -73.448
6.701 -75.007
6.596 -76.444
---
9.719 -10.772
9.895 -12.625
10.006 -14.653
10.179 -16.781
10.293 -18.940
10.456 -21.205
10.504 -23.474
10.598 -25.765
10.752 -28.176
10.766 -30.542
10.791 -32.972
10.830 -35.412
10.832 -37.812
10.836 -40.254
10.789 -42.665
10.710 -45.113
10.661 -47.458
10.588 -49.773
10.461 -52.073
10.335 -54.362
10.248 -56.540
10.092 -58.658
9.978 -60.725
9.782 -62.772
9.601 -64.715
9.413 -66.614
9.288 -68.411
9.110 -70.154
8.923 -71.821
8.785 -73.410
8.551 -74.976
8.388 -76.439
---
11.874 -10.744
12.027 -12.615
12.198 -14.647
12.362 -16.766
12.577 -18.976
12.691 -21.160
12.826 -23.511
12.921 -25.788
13.016 -28.158
13.082 -30.543
13.124 -32.938
13.190 -35.396
13.143 -37.793
13.133 -40.261
13.144 -42.714
13.038 -45.062
12.954 -47.435
12.878 -49.810
12.741 -52.092
12.591 -54.360
12.446 -56.540
12.271 -58.700
12.044 -60.717
11.892 -62.780
11.667 -64.681
11.544 -66.574
11.298 -68.392
11.082 -70.106
10.915 -71.809
10.696 -73.426
10.440 -74.972
10.207 -76.442
---
13.918 -10.771
14.141 -12.584
14.356 -14.648
14.555 -16.808
14.723 -18.945
14.922 -21.204
15.011 -23.467
15.195 -25.754
15.270 -28.128
15.339 -30.506
15.408 -32.972
15.466 -35.420
15.478 -37.821
15.425 -40.286
15.402 -42.693
15.304 -45.073
15.216 -47.468
15.085 -49.828
14.991 -52.078
14.822 -54.341
14.630 -56.549
14.435 -58.683
14.218 -60.750
13.996 -62.775
13.791 -64.654
13.529 -66.593
13.274 -68.388
13.023 -70.141
12.818 -71.798
12.570 -73.434
12.274 -74.981
12.037 -76.452
---
15.993 -10.760
16.224 -12.635
16.413 -14.665
16.666 -16.783
16.888 -18.967
17.081 -21.171
17.226 -23.456
17.332 -25.763
17.521 -28.159
17.568 -30.547
17.629 -32.979
17.692 -35.394
17.690 -37.816
17.683 -40.245
17.589 -42.697
17.508 -45.072
17.425 -47.468
17.277 -49.780
17.116 -52.107
16.920 -54.367
16.719 -56.554
16.549 -58.684
16.293 -60.768
16.013 -62.767
15.785 -64.707
15.497 -66.608
15.220 -68.411
14.979 -70.112
14.678 -71.813
14.434 -73.392
14.105 -74.951
13.806 -76.467
---
17.989 -10.790
18.235 -12.594
18.502 -14.649
18.749 -16.743
18.985 -18.947
19.181 -21.165
19.402 -23.460
19.504 -25.770
19.661 -28.127
19.779 -30.531
19.842 -32.925
19.881 -35.388
19.875 -37.787
19.848 -40.286
19.824 -42.705
19.695 -45.080
19.584 -47.434
19.382 -49.796
19.235 -52.092
19.042 -54.346
18.826 -56.500
18.587 -58.689
18.313 -60.743
18.035 -62.777
17.749 -64.715
17.434 -66.611
17.163 -68.388
16.840 -70.131
16.552 -71.812
16.208 -73.419
15.926 -74.968
15.637 -76.462
---
19.914 -10.771
20.194 -12.610
20.499 -14.634
20.762 -16.789
21.065 -18.971
21.276 -21.195
21.468 -23.485
21.616 -25.810
21.755 -28.150
21.874 -30.555
21.962 -32.975
21.989 -35.393
21.983 -37.847
21.973 -40.226
21.887 -42.696
21.807 -45.066
21.680 -47.441
21.520 -49.807
21.300 -52.061
21.118 -54.342
20.862 -56.576
20.596 -58.682
20.276 -60.744
19.997 -62.762
19.699 -64.690
19.386 -66.560
19.046 -68.368
18.706 -70.136
18.383 -71.803
18.003 -73.455
17.660 -74.971
17.321 -76.465
---
21.796 -10.774
22.138 -12.601
22.436 -14.645
22.770 -16.790
23.006 -18.980
23.252 -21.184
23.475 -23.468
23.659 -25.760
23.802 -28.146
23.957 -30.506
24.004 -32.949
24.053 -35.398
24.098 -37.808
24.008 -40.262
23.971 -42.668
23.842 -45.103
23.690 -47.474
23.529 -49.799
23.322 -52.095
23.124 -54.295
22.855 -56.511
22.526 -58.668
22.246 -60.761
21.912 -62.723
21.548 -64.708
21.235 -66.596
20.875 -68.392
20.497 -70.148
20.149 -71.837
19.788 -73.400
19.421 -74.982
19.016 -76.450
---
23.701 -10.747
23.996 -12.595
24.367 -14.626
24.649 -16.739
24.981 -18.961
25.235 -21.197
25.454 -23.445
25.650 -25.800
25.787 -28.178
25.928 -30.558
26.028 -32.924
26.075 -35.420
26.062 -37.806
26.026 -40.259
25.978 -42.663
25.797 -45.095
25.709 -47.465
25.513 -49.800
25.307 -52.094
25.016 -54.329
24.737 -56.550
24.475 -58.667
24.134 -60.779
23.777 -62.764
23.419 -64.690
23.050 -66.599
22.659 -68.403
22.268 -70.138
21.912 -71.773
21.478 -73.426
21.071 -74.958
20.654 -76.436
---
25.524 -10.780
25.874 -12.606
26.187 -14.631
26.530 -16.763
26.796 -18.968
27.124 -21.173
27.357 -23.481
27.534 -25.794
27.693 -28.106
27.887 -30.526
27.928 -32.940
27.982 -35.401
28.006 -37.852
27.953 -40.264
27.883 -42.678
27.774 -45.068
27.625 -47.463
27.395 -49.798
27.178 -52.108
26.914 -54.333
26.629 -56.553
26.339 -58.661
25.936 -60.755
25.617 -62.757
25.202 -64.688
24.835 -66.585
24.434 -68.345
23.993 -70.138
23.602 -71.821
23.158 -73.405
22.758 -74.964
22.303 -76.476
---
27.253 -10.738
27.609 -12.572
27.985 -14.610
28.313 -16.751
28.623 -18.941
28.944 -21.153
29.188 -23.438
29.402 -25.786
29.601 -28.178
29.721 -30.522
29.825 -33.005
29.864 -35.367
29.885 -37.838
29.837 -40.293
29.743 -42.680
29.600 -45.100
29.454 -47.444
29.233 -49.789
29.027 -52.092
28.738 -54.341
28.467 -56.505
28.079 -58.685
27.741 -60.736
27.358 -62.747
26.965 -64.706
26.543 -66.595
26.155 -68.385
25.687 -70.170
25.258 -71.823
24.807 -73.434
24.342 -74.972
23.920 -76.455
---
28.950 -10.738
29.347 -12.598
29.702 -14.667
30.044 -16.780
30.416 -18.971
30.691 -21.170
30.937 -23.474
31.179 -25.787
31.368 -28.117
31.489 -30.522
31.602 -32.928
31.658 -35.386
31.666 -37.819
31.637 -40.263
31.534 -42.686
31.407 -45.094
31.266 -47.485
31.019 -49.784
30.784 -52.065
30.497 -54.362
30.151 -56.547
29.821 -58.663
29.442 -60.735
29.026 -62.748
28.654 -64.699
28.260 -66.545
27.794 -68.410
27.336 -70.156
26.852 -71.806
26.420 -73.412
25.920 -74.988
25.458 -76.455
---
30.606 -10.792
30.965 -12.615
31.392 -14.637
31.764 -16.766
32.095 -18.958
32.398 -21.190
32.649 -23.436
32.904 -25.797
33.054 -28.142
33.236 -30.539
33.343 -32.979
33.439 -35.366
33.405 -37.810
33.358 -40.234
33.269 -42.675
33.138 -45.090
32.948 -47.497
32.750 -49.785
32.469 -52.059
32.178 -54.340
31.831 -56.534
31.491 -58.691
31.131 -60.742
30.716 -62.736
30.314 -64.702
29.844 -66.596
29.376 -68.397
28.925 -70.127
28.461 -71.800
27.950 -73.417
27.437 -74.987
26.990 -76.462
