Det4 phi theta
---
-39.533 -25.366
-40.420 177.101
-41.257 176.530
-42.101 174.420
-42.930 172.368
-43.780 170.025
-44.579 167.646
-45.380 165.157
-46.075 162.488
-46.784 159.636
-47.392 156.676
-47.947 153.631
-48.418 150.486
-48.836 147.169
-49.171 143.837
-49.392 140.450
-49.467 136.957
-49.499 133.448
-49.395 129.976
-49.181 126.562
-48.889 123.204
-48.504 119.913
-48.018 116.782
-47.479 113.672
-46.868 110.715
-46.179 107.808
-45.468 105.162
-44.711 102.628
-43.891 100.223
-43.079 97.917
-42.230 95.785
-41.358 93.730
---
-40.394 -178.040
-41.286 -20.253
-42.227 175.773
-43.146 176.215
-44.061 174.110
-44.960 171.814
-45.847 169.367
-46.666 166.777
-47.483 163.947
-48.263 161.101
-48.925 158.013
-49.558 154.723
-50.084 151.378
-50.561 147.982
-50.892 144.438
-51.140 140.748
-51.226 137.062
-51.241 133.386
-51.161 129.645
-50.938 126.082
-50.590 122.476
-50.166 119.013
-49.637 115.622
-49.024 112.422
-48.326 109.290
-47.580 106.353
-46.787 103.619
-45.925 100.973
-45.072 98.537
-44.180 96.173
-43.267 94.048
-42.380 91.973
---
-41.232 -176.098
-42.233 -177.939
-43.222 -42.509
-44.185 176.701
-45.188 175.973
-46.162 173.666
-47.116 171.118
-48.033 168.488
-48.886 165.679
-49.750 162.570
-50.482 159.363
-51.207 155.997
-51.811 152.485
-52.298 148.824
-52.678 145.080
-52.987 141.151
-53.094 137.241
-53.104 133.273
-52.971 129.303
-52.733 125.463
-52.337 121.611
-51.894 117.938
-51.298 114.369
-50.564 111.032
-49.837 107.757
-49.032 104.777
-48.134 101.829
-47.233 99.155
-46.297 96.678
-45.308 94.287
-44.337 92.083
-43.365 89.999
---
-42.096 -174.126
-43.125 -175.922
-44.205 -177.766
-45.226 -25.327
-46.319 176.321
-47.371 175.615
-48.360 173.066
-49.413 170.338
-50.387 167.423
-51.282 164.332
-52.167 160.979
-52.911 157.457
-53.600 153.659
-54.140 149.794
-54.572 145.717
-54.877 141.548
-55.066 137.332
-55.067 133.114
-54.897 128.907
-54.649 124.744
-54.217 120.664
-53.656 116.751
-52.996 113.009
-52.220 109.451
-51.379 106.111
-50.516 102.864
-49.529 99.997
-48.525 97.212
-47.497 94.664
-46.436 92.280
-45.373 90.044
-44.332 88.037
---
-42.945 -171.938
-44.044 -173.762
-45.205 -175.515
-46.296 -177.623
-47.461 -30.394
-48.565 175.146
-49.706 175.212
-50.810 172.514
-51.891 169.572
-52.907 166.226
-53.816 162.740
-54.704 159.062
-55.478 155.065
-56.067 150.922
-56.559 146.550
-56.936 142.057
-57.091 137.527
-57.078 132.929
-56.944 128.417
-56.623 123.945
-56.160 119.572
-55.541 115.374
-54.792 111.405
-53.928 107.726
-53.018 104.153
-52.064 100.914
-50.943 97.849
-49.884 95.047
-48.704 92.439
-47.593 90.060
-46.435 87.844
-45.284 85.809
---
-43.739 -169.722
-44.933 -171.371
-46.152 -173.231
-47.322 -175.211
-48.565 -177.455
-49.840 -18.951
-51.058 175.539
-52.250 174.868
-53.382 171.718
-54.535 168.288
-55.559 164.842
-56.534 160.878
-57.382 156.723
-58.058 152.213
-58.631 147.553
-59.033 142.697
-59.241 137.875
-59.249 132.815
-59.049 127.862
-58.678 122.943
-58.165 118.288
-57.447 113.899
-56.631 109.648
-55.738 105.668
-54.687 102.054
-53.549 98.671
-52.392 95.539
-51.215 92.614
-49.942 90.054
-48.723 87.653
-47.468 85.460
-46.311 83.453
---
-44.568 -167.279
-45.793 -168.948
-47.085 -170.745
-48.364 -172.724
-49.657 -174.830
-51.044 -177.186
-52.362 -28.013
-53.672 176.436
-54.954 174.290
-56.214 170.881
-57.360 167.007
-58.414 163.019
-59.366 158.584
-60.173 153.782
-60.812 148.779
-61.220 143.472
-61.462 138.068
-61.457 132.593
-61.269 127.227
-60.847 121.859
-60.281 116.850
-59.448 112.066
-58.545 107.530
-57.518 103.456
-56.351 99.606
-55.112 96.123
-53.827 92.924
-52.511 90.066
-51.200 87.389
-49.858 85.108
-48.575 82.919
-47.251 80.907
---
-45.282 -164.783
-46.631 -166.294
-48.011 -168.021
-49.383 -169.895
-50.807 -171.998
-52.202 -174.288
-53.660 -176.834
-55.112 -33.420
-56.503 175.009
-57.843 173.548
-59.167 169.686
-60.306 165.482
-61.428 160.684
-62.335 155.609
-63.051 150.043
-63.542 144.318
-63.841 138.359
-63.819 132.359
-63.579 126.407
-63.118 120.477
-62.431 115.049
-61.546 109.819
-60.492 105.060
-59.310 100.723
-58.002 96.876
-56.650 93.276
-55.271 90.114
-53.860 87.204
-52.391 84.618
-50.973 82.291
-49.551 80.140
-48.169 78.264
---
-46.066 -162.092
-47.423 -163.520
-48.836 -165.214
-50.336 -166.961
-51.816 -169.036
-53.393 -171.214
-54.942 -173.765
-56.474 -176.543
-58.010 -32.703
-59.544 174.685
-60.937 172.777
-62.282 168.267
-63.509 163.242
-64.504 157.877
-65.344 151.906
-65.912 145.435
-66.259 138.739
-66.276 131.992
-65.980 125.338
-65.442 118.853
-64.642 112.952
-63.595 107.375
-62.461 102.360
-61.096 97.698
-59.688 93.684
-58.180 90.109
-56.705 86.950
-55.094 84.108
-53.549 81.567
-52.035 79.214
-50.507 77.304
-49.042 75.401
---
-46.696 -159.284
-48.162 -160.690
-49.665 -162.151
-51.255 -163.843
-52.814 -165.749
-54.465 -167.908
-56.149 -170.333
-57.847 -173.016
-59.492 -176.112
-61.149 -33.317
-62.774 175.374
-64.226 171.531
-65.580 166.393
-66.762 160.400
-67.747 153.810
-68.421 146.759
-68.776 139.350
-68.797 131.691
-68.436 124.127
-67.812 116.914
-66.911 110.341
-65.723 104.309
-64.380 98.873
-62.888 94.238
-61.340 90.143
-59.671 86.491
-58.015 83.402
-56.338 80.528
-54.672 78.145
-53.062 75.957
-51.437 74.097
-49.878 72.378
---
-47.353 -156.312
-48.836 -157.549
-50.449 -159.008
-52.091 -160.536
-53.763 -162.245
-55.484 -164.222
-57.305 -166.493
-59.111 -169.120
-60.909 -172.127
-62.698 -175.591
-64.457 -29.128
-66.175 174.338
-67.703 170.231
-69.059 163.834
-70.152 156.583
-70.939 148.565
-71.423 140.056
-71.400 131.082
-71.032 122.372
-70.258 114.237
-69.165 107.087
-67.863 100.560
-66.356 94.913
-64.659 90.125
-62.950 86.097
-61.107 82.538
-59.312 79.521
-57.514 76.739
-55.771 74.532
-53.988 72.476
-52.246 70.745
-50.677 69.091
---
-47.861 -153.224
-49.483 -154.356
-51.122 -155.646
-52.822 -156.941
-54.607 -158.631
-56.444 -160.301
-58.342 -162.462
-60.230 -164.799
-62.231 -167.590
-64.176 -170.898
-66.124 -174.759
-67.987 -26.867
-69.727 173.340
-71.277 167.943
-72.585 160.085
-73.555 151.095
-74.087 140.938
-74.116 130.345
-73.636 120.339
-72.732 110.970
-71.470 102.833
-69.976 95.844
-68.183 90.167
-66.320 85.263
-64.426 81.394
-62.439 77.953
-60.481 75.116
-58.585 72.695
-56.673 70.579
-54.802 68.763
-53.046 67.133
-51.312 65.694
---
-48.349 -150.110
-49.977 -151.008
-51.725 -152.118
-53.491 -153.232
-55.336 -154.563
-57.281 -156.200
-59.246 -157.924
-61.331 -160.103
-63.416 -162.575
-65.530 -165.656
-67.627 -169.284
-69.717 -173.822
-71.675 -24.455
-73.477 171.403
-75.031 165.003
-76.198 154.335
-76.856 142.003
-76.900 129.319
-76.263 117.148
-75.209 106.471
-73.687 97.451
-71.866 90.172
-69.930 84.513
-67.884 79.751
-65.734 75.981
-63.649 72.883
-61.543 70.285
-59.493 68.134
-57.511 66.395
-55.602 64.842
-53.701 63.394
-51.929 62.207
---
-48.741 -146.888
-50.395 -147.537
-52.180 -148.392
-54.072 -149.308
-55.947 -150.444
-57.953 -151.696
-60.025 -153.204
-62.162 -155.005
-64.400 -157.060
-66.682 -159.608
-68.952 -162.966
-71.224 -166.952
-73.441 -172.396
-75.531 -30.951
-77.368 169.113
-78.769 159.072
-79.689 144.042
-79.686 127.922
-78.972 112.303
-77.561 99.734
-75.765 90.241
-73.708 83.016
-71.483 77.406
-69.243 73.398
-66.951 69.917
-64.704 67.320
-62.489 65.131
-60.296 63.377
-58.189 61.826
-56.161 60.589
-54.213 59.533
-52.404 58.536
---
-49.033 -143.486
-50.764 -144.025
-52.544 -144.668
-54.428 -145.252
-56.432 -146.146
-58.467 -147.078
-60.658 -148.191
-62.907 -149.449
-65.221 -151.090
-67.600 -153.131
-70.006 -155.665
-72.479 -158.993
-74.954 -163.430
-77.309 -169.802
-79.514 -30.497
-81.341 166.358
-82.498 147.698
-82.526 125.082
-81.535 104.700
-79.771 90.277
-77.600 80.618
-75.217 74.063
-72.772 69.408
-70.282 65.970
-67.886 63.325
-65.482 61.280
-63.133 59.655
-60.911 58.311
-58.745 57.278
-56.636 56.161
-54.671 55.401
-52.771 54.740
---
-49.236 -140.121
-50.985 -140.312
-52.813 -140.736
-54.717 -141.127
-56.742 -141.710
-58.857 -142.171
-61.061 -142.961
-63.375 -143.777
-65.761 -144.804
-68.240 -146.021
-70.752 -147.617
-73.434 -149.898
-76.032 -152.819
-78.712 -157.538
-81.259 -164.806
-83.632 -27.434
-85.267 153.899
-85.378 118.051
-83.821 90.814
-81.548 76.141
-78.994 68.206
-76.358 63.352
-73.743 60.089
-71.083 57.953
-68.506 56.142
-66.037 54.919
-63.663 53.829
-61.348 53.048
-59.133 52.389
-57.014 51.754
-54.972 51.203
-53.061 50.787
---
-49.344 -136.659
-51.107 -136.692
-52.946 -136.874
-54.870 -136.977
-56.906 -137.135
-59.027 -137.301
-61.284 -137.558
-63.571 -137.770
-66.015 -138.076
-68.525 -138.502
-71.165 -139.119
-73.857 -139.833
-76.620 -140.919
-79.384 -142.526
-82.267 -145.097
-85.122 -152.018
-87.668 -24.509
-87.884 91.369
-85.431 63.405
-82.599 55.996
-79.765 52.786
-76.960 50.997
-74.133 49.964
-71.470 49.081
-68.855 48.608
-66.340 48.244
-63.905 47.786
-61.546 47.569
-59.298 47.361
-57.136 47.250
-55.142 47.017
-53.118 46.843
---
-49.317 -133.163
-51.063 -133.093
-52.921 -132.891
-54.852 -132.707
-56.900 -132.516
-59.026 -132.276
-61.267 -132.102
-63.592 -131.769
-66.008 -131.526
-68.600 -131.027
-71.141 -130.367
-73.837 -129.480
-76.584 -128.516
-79.403 -126.320
-82.216 -123.228
-85.050 -116.027
-87.564 -91.610
-87.754 -5.853
-85.357 24.950
-82.595 32.783
-79.756 36.176
-76.910 38.279
-74.158 39.392
-71.482 40.263
-68.839 40.960
-66.305 41.342
-63.863 41.691
-61.547 42.116
-59.297 42.348
-57.171 42.536
-55.114 42.745
-53.148 42.908
---
-49.242 -129.730
-50.942 -129.356
-52.776 -128.956
-54.735 -128.588
-56.727 -128.034
-58.838 -127.459
-61.038 -126.727
-63.303 -125.969
-65.755 -124.793
-68.198 -123.608
-70.752 -121.840
-73.315 -119.636
-75.957 -116.397
-78.601 -111.745
-81.122 -104.086
-83.478 -90.627
-85.102 -64.935
-85.219 -29.101
-83.742 -1.618
-81.469 12.918
-78.915 21.042
-76.277 25.986
-73.668 29.317
-71.062 31.523
-68.499 33.337
-66.020 34.749
-63.604 35.834
-61.356 36.625
-59.128 37.448
-56.965 37.976
-54.948 38.506
-53.012 38.878
---
-49.048 -126.338
-50.724 -125.767
-52.541 -125.118
-54.414 -124.425
-56.385 -123.621
-58.452 -122.651
-60.627 -121.521
-62.852 -120.155
-65.175 -118.604
-67.536 -116.490
-69.959 -113.931
-72.420 -110.418
-74.869 -105.979
-77.213 -99.619
-79.397 -90.407
-81.207 -76.564
-82.290 -57.414
-82.381 -35.066
-81.378 -15.266
-79.659 -0.969
-77.447 8.802
-75.154 15.241
-72.711 20.060
-70.245 23.488
-67.837 26.154
-65.459 28.295
-63.120 29.990
-60.859 31.450
-58.731 32.496
-56.640 33.476
-54.694 34.361
-52.752 35.039
---
-48.711 -122.951
-50.387 -122.205
-52.160 -121.393
-54.011 -120.399
-55.924 -119.323
-57.920 -118.021
-60.000 -116.528
-62.159 -114.767
-64.376 -112.597
-66.578 -109.975
-68.910 -106.683
-71.149 -102.515
-73.365 -97.320
-75.397 -90.233
-77.229 -81.060
-78.655 -68.856
-79.480 -53.958
-79.544 -37.932
-78.788 -22.874
-77.403 -10.429
-75.680 -0.695
-73.577 6.649
-71.395 11.976
-69.126 16.331
-66.864 19.662
-64.625 22.235
-62.395 24.427
-60.248 26.233
-58.195 27.822
-56.128 29.154
-54.225 30.274
-52.365 31.272
---
-48.326 -119.713
-49.973 -118.769
-51.651 -117.723
-53.419 -116.527
-55.297 -115.162
-57.257 -113.631
-59.215 -111.760
-61.245 -109.655
-63.341 -107.156
-65.448 -104.155
-67.551 -100.406
-69.584 -95.870
-71.541 -90.278
-73.365 -82.952
-74.879 -74.539
-76.071 -63.986
-76.628 -52.122
-76.698 -39.364
-76.134 -27.335
-75.076 -16.609
-73.564 -7.730
-71.816 -0.623
-69.845 5.279
-67.775 9.932
-65.696 13.613
-63.549 16.780
-61.528 19.332
-59.447 21.539
-57.454 23.395
-55.530 24.999
-53.679 26.417
-51.851 27.605
---
-47.832 -116.489
-49.414 -115.486
-51.057 -114.171
-52.761 -112.779
-54.559 -111.254
-56.393 -109.450
-58.264 -107.403
-60.210 -104.933
-62.127 -102.186
-64.086 -98.786
-66.034 -94.864
-67.868 -90.119
-69.623 -84.575
-71.170 -77.842
-72.450 -69.806
-73.387 -60.852
-73.896 -50.694
-73.923 -40.501
-73.468 -30.356
-72.575 -21.206
-71.324 -13.143
-69.814 -6.246
-68.095 -0.504
-66.232 4.307
-64.356 8.384
-62.382 11.792
-60.423 14.639
-58.507 17.103
-56.617 19.225
-54.787 21.060
-53.007 22.696
-51.270 24.055
---
-47.310 -113.455
-48.827 -112.258
-50.389 -110.848
-52.028 -109.260
-53.700 -107.502
-55.449 -105.503
-57.255 -103.277
-58.990 -100.604
-60.813 -97.718
-62.622 -94.170
-64.385 -90.093
-66.051 -85.431
-67.537 -79.988
-68.902 -73.548
-70.009 -66.383
-70.799 -58.503
-71.220 -49.912
-71.249 -41.072
-70.854 -32.535
-70.123 -24.518
-69.031 -17.036
-67.737 -10.747
-66.249 -5.145
-64.570 -0.414
-62.813 3.708
-61.023 7.192
-59.226 10.309
-57.450 13.003
-55.682 15.307
-53.946 17.286
-52.243 19.070
-50.580 20.727
---
-46.670 -110.599
-48.115 -109.210
-49.627 -107.595
-51.187 -105.936
-52.803 -104.076
-54.426 -101.928
-56.090 -99.532
-57.766 -96.743
-59.431 -93.594
-61.064 -90.102
-62.634 -86.052
-64.094 -81.524
-65.451 -76.230
-66.627 -70.257
-67.620 -63.740
-68.256 -56.729
-68.631 -49.167
-68.622 -41.686
-68.320 -34.173
-67.681 -27.010
-66.758 -20.465
-65.622 -14.504
-64.287 -9.210
-62.832 -4.514
-61.218 -0.367
-59.590 3.275
-57.946 6.488
-56.262 9.215
-54.594 11.640
-52.996 13.830
-51.390 15.752
-49.817 17.473
---
-45.995 -107.759
-47.357 -106.278
-48.829 -104.625
-50.284 -102.827
-51.758 -100.787
-53.316 -98.567
-54.852 -96.064
-56.444 -93.254
-57.909 -90.119
-59.373 -86.548
-60.861 -82.501
-62.139 -78.041
-63.337 -73.138
-64.416 -67.573
-65.178 -61.841
-65.752 -55.375
-66.092 -48.816
-66.119 -42.026
-65.825 -35.460
-65.277 -29.080
-64.521 -23.013
-63.526 -17.516
-62.322 -12.536
-60.988 -7.987
-59.585 -3.897
-58.129 -0.335
-56.565 2.839
-55.058 5.785
-53.519 8.359
-51.960 10.567
-50.448 12.666
-48.979 14.443
---
-45.246 -105.109
-46.578 -103.503
-47.948 -101.827
-49.339 -99.909
-50.707 -97.839
-52.190 -95.572
-53.552 -92.998
-55.005 -90.049
-56.412 -86.947
-57.766 -83.435
-59.028 -79.600
-60.216 -75.290
-61.282 -70.476
-62.176 -65.490
-62.912 -60.031
-63.449 -54.323
-63.670 -48.366
-63.670 -42.330
-63.427 -36.497
-62.965 -30.672
-62.280 -25.225
-61.412 -20.010
-60.359 -15.300
-59.191 -10.984
-57.942 -7.030
-56.571 -3.491
-55.192 -0.229
-53.754 2.586
-52.365 5.230
-50.890 7.487
-49.476 9.667
-48.086 11.518
---
-44.493 -102.526
-45.752 -100.877
-47.028 -99.126
-48.299 -97.217
-49.658 -95.033
-50.983 -92.644
-52.274 -90.079
-53.581 -87.232
-54.906 -84.092
-56.105 -80.662
-57.272 -76.892
-58.312 -72.836
-59.268 -68.526
-60.047 -63.672
-60.664 -58.735
-61.077 -53.474
-61.324 -48.061
-61.342 -42.656
-61.158 -37.221
-60.728 -31.875
-60.110 -26.874
-59.335 -22.135
-58.423 -17.630
-57.399 -13.572
-56.235 -9.789
-54.972 -6.310
-53.729 -3.140
-52.460 -0.268
-51.110 2.439
-49.802 4.786
-48.477 6.880
-47.199 8.866
---
-43.700 -100.161
-44.885 -98.462
-46.073 -96.653
-47.300 -94.619
-48.532 -92.447
-49.760 -90.038
-50.942 -87.510
-52.171 -84.683
-53.351 -81.601
-54.430 -78.261
-55.472 -74.660
-56.408 -70.769
-57.258 -66.663
-57.992 -62.145
-58.495 -57.526
-58.865 -52.704
-59.084 -47.815
-59.095 -42.765
-58.934 -37.818
-58.570 -33.075
-58.044 -28.412
-57.355 -23.991
-56.510 -19.742
-55.591 -15.885
-54.561 -12.127
-53.477 -8.794
-52.314 -5.726
-51.099 -2.853
-49.898 -0.244
-48.682 2.148
-47.447 4.375
-46.235 6.382
---
-42.892 -97.815
-44.001 -96.112
-45.115 -94.286
-46.258 -92.225
-47.371 -90.053
-48.507 -87.682
-49.645 -85.100
-50.733 -82.327
-51.802 -79.306
-52.783 -76.157
-53.765 -72.634
-54.589 -68.983
-55.323 -64.980
-55.967 -60.934
-56.440 -56.593
-56.800 -52.145
-56.926 -47.553
-56.968 -43.019
-56.814 -38.455
-56.493 -33.989
-56.032 -29.674
-55.422 -25.533
-54.666 -21.490
-53.860 -17.801
-52.923 -14.337
-51.933 -11.125
-50.860 -8.053
-49.769 -5.207
-48.638 -2.649
-47.542 -0.177
-46.383 2.024
-45.248 4.072
---
-42.028 -95.767
-43.083 -93.954
-44.134 -92.095
-45.203 -90.113
-46.246 -87.895
-47.273 -85.504
-48.346 -82.952
-49.329 -80.274
-50.276 -77.405
-51.248 -74.148
-52.047 -70.874
-52.775 -67.383
-53.445 -63.587
-54.048 -59.733
-54.477 -55.749
-54.790 -51.618
-54.924 -47.413
-54.936 -43.103
-54.820 -38.950
-54.489 -34.717
-54.116 -30.694
-53.583 -26.785
-52.869 -23.101
-52.165 -19.522
-51.322 -16.160
-50.409 -13.057
-49.471 -10.096
-48.447 -7.337
-47.414 -4.799
-46.398 -2.406
-45.309 -0.204
-44.251 1.868
---
-41.224 -93.785
-42.170 -92.000
-43.172 -90.063
-44.157 -87.970
-45.124 -85.810
-46.055 -83.526
-47.039 -80.997
-47.974 -78.368
-48.840 -75.527
-49.669 -72.490
-50.420 -69.327
-51.142 -65.950
-51.712 -62.433
-52.230 -58.823
-52.587 -55.028
-52.833 -51.122
-52.990 -47.214
-52.978 -43.263
-52.861 -39.405
-52.608 -35.492
-52.223 -31.687
-51.776 -28.036
-51.175 -24.447
-50.503 -21.076
-49.722 -17.901
-48.917 -14.887
-48.056 -11.983
-47.152 -9.269
-46.212 -6.846
-45.237 -4.423
-44.273 -2.187
-43.288 -0.144
