Det3 phi theta
---
43.750 -177.224
44.745 41.283
45.782 177.615
46.829 175.309
47.845 172.824
48.798 170.093
49.775 167.220
50.651 164.132
51.512 160.837
52.253 157.456
52.912 153.862
53.462 150.055
53.895 146.082
54.230 142.063
54.397 137.884
54.412 133.759
54.274 129.605
54.027 125.571
53.670 121.527
53.153 117.733
52.520 114.024
51.809 110.537
51.009 107.082
50.145 103.993
49.210 101.064
48.236 98.303
47.219 95.666
46.250 93.343
45.175 91.006
44.129 88.967
43.105 87.089
42.055 85.277
---
44.692 -176.020
45.814 -176.702
46.898 20.760
48.051 177.409
49.144 174.786
50.212 172.177
51.249 169.266
52.240 166.012
53.147 162.642
53.969 159.021
54.724 155.149
55.352 151.139
55.837 146.932
56.197 142.561
56.379 138.197
56.409 133.675
56.305 129.296
56.002 124.881
55.566 120.572
55.017 116.437
54.302 112.446
53.507 108.823
52.645 105.348
51.653 102.054
50.620 98.994
49.546 96.191
48.480 93.575
47.348 91.155
46.247 88.901
45.107 86.910
44.039 84.918
42.905 83.138
---
45.667 -173.767
46.839 -175.757
48.036 -177.108
49.264 48.252
50.416 177.292
51.614 174.436
52.751 171.406
53.868 168.106
54.885 164.599
55.802 160.827
56.651 156.745
57.337 152.343
57.878 147.889
58.258 143.286
58.516 138.454
58.509 133.585
58.398 128.743
58.061 123.959
57.585 119.369
56.900 115.089
56.152 110.837
55.278 106.899
54.320 103.270
53.223 99.897
52.064 96.797
50.941 93.861
49.726 91.225
48.533 88.839
47.338 86.522
46.129 84.514
44.934 82.675
43.776 80.940
---
46.600 -171.253
47.847 -173.284
49.177 -175.245
50.477 -175.907
51.757 36.935
53.023 176.920
54.296 173.849
55.491 170.584
56.645 166.877
57.663 162.816
58.549 158.506
59.374 153.914
60.010 149.028
60.449 143.959
60.711 138.714
60.719 133.484
60.560 128.174
60.207 122.960
59.649 118.022
58.945 113.314
58.052 108.880
57.038 104.735
55.939 100.934
54.734 97.465
53.506 94.331
52.262 91.381
51.002 88.744
49.621 86.266
48.392 84.091
47.095 82.072
45.866 80.198
44.598 78.571
---
47.493 -168.675
48.845 -170.555
50.269 -172.630
51.661 -174.968
53.025 -175.967
54.463 29.197
55.821 176.577
57.137 173.143
58.372 169.396
59.549 165.210
60.558 160.642
61.493 155.644
62.198 150.443
62.698 144.783
62.991 139.066
63.078 133.274
62.852 127.543
62.454 121.782
61.790 116.415
60.968 111.390
59.961 106.590
58.856 102.305
57.645 98.243
56.315 94.743
54.966 91.525
53.607 88.594
52.206 85.903
50.831 83.598
49.395 81.380
48.057 79.433
46.711 77.677
45.407 76.007
---
48.406 -165.876
49.803 -167.687
51.272 -169.681
52.783 -171.909
54.304 -174.429
55.800 -175.752
57.300 35.836
58.754 176.179
60.148 172.249
61.478 167.935
62.681 163.186
63.676 157.883
64.508 152.089
65.087 145.890
65.368 139.650
65.452 133.072
65.220 126.682
64.740 120.441
64.034 114.444
63.099 109.021
61.970 104.053
60.692 99.380
59.350 95.301
57.920 91.645
56.451 88.437
54.887 85.476
53.416 82.925
51.887 80.571
50.406 78.554
48.949 76.603
47.557 74.949
46.150 73.400
---
49.209 -162.955
50.737 -164.580
52.283 -166.518
53.902 -168.729
55.524 -171.032
57.167 -173.771
58.772 -176.312
60.388 23.790
61.907 175.587
63.400 171.240
64.704 166.122
65.861 160.414
66.813 154.134
67.524 147.291
67.904 140.185
67.951 132.818
67.701 125.621
67.097 118.618
66.254 112.092
65.238 106.158
63.937 100.806
62.526 96.057
61.018 91.901
59.440 88.228
57.789 85.010
56.184 82.185
54.591 79.576
52.931 77.408
51.372 75.439
49.823 73.636
48.294 72.001
46.863 70.567
---
49.963 -159.860
51.579 -161.374
53.247 -163.204
54.940 -165.155
56.643 -167.418
58.430 -169.999
60.206 -173.014
61.949 -175.379
63.664 30.371
65.267 175.110
66.793 169.690
68.113 163.639
69.218 156.660
70.035 149.119
70.473 140.949
70.532 132.544
70.261 124.274
69.623 116.261
68.616 109.142
67.333 102.706
65.917 97.137
64.342 92.260
62.650 87.886
60.904 84.437
59.149 81.185
57.397 78.437
55.632 76.042
53.935 73.924
52.266 72.058
50.610 70.401
49.071 68.997
47.519 67.614
---
50.635 -156.518
52.341 -157.998
54.113 -159.536
55.888 -161.362
57.733 -163.428
59.651 -165.818
61.513 -168.660
63.443 -171.948
65.290 -173.737
67.139 30.884
68.808 174.091
70.334 167.592
71.645 160.093
72.571 151.443
73.115 141.837
73.239 132.099
72.856 122.387
72.099 113.309
70.911 105.450
69.498 98.498
67.854 92.658
66.051 87.662
64.227 83.472
62.284 80.094
60.400 76.950
58.487 74.433
56.611 72.134
54.829 70.222
53.036 68.583
51.351 67.071
49.704 65.690
48.118 64.630
---
51.265 -153.051
53.025 -154.278
54.831 -155.733
56.739 -157.333
58.643 -159.106
60.725 -161.346
62.716 -163.900
64.779 -166.948
66.858 -170.608
68.885 -172.819
70.758 39.609
72.534 172.659
74.024 164.453
75.167 154.700
75.889 143.292
75.960 131.443
75.521 119.905
74.546 109.361
73.203 100.435
71.552 93.175
69.656 87.137
67.688 82.351
65.629 78.323
63.563 75.010
61.504 72.373
59.507 69.994
57.506 68.010
55.612 66.365
53.740 64.841
51.982 63.583
50.240 62.445
48.630 61.467
---
51.777 -149.435
53.592 -150.451
55.471 -151.651
57.477 -152.941
59.542 -154.591
61.602 -156.419
63.827 -158.573
65.984 -161.139
68.205 -164.502
70.397 -168.605
72.556 -172.733
74.590 29.869
76.362 170.486
77.804 159.183
78.634 145.505
78.802 130.621
78.244 116.160
76.997 103.694
75.341 94.016
73.411 86.544
71.336 80.764
69.109 76.172
66.869 72.515
64.668 69.730
62.520 67.262
60.369 65.278
58.281 63.602
56.310 62.171
54.392 61.029
52.503 59.899
50.744 58.964
49.074 58.128
---
52.154 -145.821
54.052 -146.531
55.951 -147.503
58.058 -148.490
60.141 -149.672
62.359 -151.143
64.620 -152.904
66.973 -154.915
69.334 -157.653
71.737 -161.263
74.123 -165.712
76.422 -170.671
78.577 32.519
80.318 166.339
81.451 149.270
81.677 129.106
80.864 110.258
79.345 95.725
77.350 85.337
75.101 77.967
72.713 72.835
70.339 68.966
67.968 65.931
65.545 63.576
63.289 61.770
61.066 60.131
58.907 58.904
56.806 57.856
54.846 56.875
52.952 56.159
51.118 55.296
49.393 54.777
---
52.453 -141.964
54.395 -142.472
56.376 -143.061
58.485 -143.789
60.665 -144.521
62.900 -145.500
65.234 -146.715
67.718 -148.123
70.186 -150.057
72.750 -152.467
75.369 -155.814
77.933 -160.981
80.399 -167.866
82.663 30.744
84.192 156.568
84.552 125.636
83.374 99.368
81.352 83.215
78.957 73.660
76.386 67.773
73.779 63.796
71.242 61.024
68.712 58.798
66.213 57.163
63.830 55.994
61.513 54.994
59.342 54.003
57.218 53.384
55.168 52.674
53.248 52.124
51.409 51.711
49.634 51.285
---
52.625 -138.082
54.579 -138.338
56.581 -138.535
58.699 -138.964
60.909 -139.306
63.196 -139.694
65.610 -140.238
68.100 -140.928
70.721 -141.709
73.371 -143.101
76.103 -144.691
78.878 -147.060
81.628 -151.317
84.352 -159.067
86.713 29.017
87.327 115.237
85.409 76.702
82.782 64.408
80.013 58.750
77.211 55.492
74.428 53.562
71.769 52.341
69.154 51.215
66.618 50.473
64.165 50.014
61.816 49.469
59.594 49.026
57.428 48.705
55.377 48.427
53.405 48.240
51.534 47.922
49.766 47.776
---
52.676 -134.224
54.595 -134.135
56.606 -134.166
58.753 -133.973
60.935 -133.915
63.267 -133.875
65.696 -133.703
68.189 -133.581
70.826 -133.302
73.506 -133.033
76.297 -132.676
79.118 -131.812
81.941 -130.701
84.833 -128.503
87.649 -118.100
88.543 11.708
86.034 36.378
83.114 39.922
80.253 41.457
77.367 42.301
74.609 42.875
71.903 43.217
69.265 43.402
66.749 43.715
64.251 43.764
61.868 43.942
59.633 43.920
57.469 44.070
55.422 44.174
53.447 44.202
51.580 44.256
49.805 44.253
---
52.577 -130.287
54.472 -129.997
56.481 -129.629
58.614 -129.033
60.826 -128.558
63.128 -127.954
65.504 -127.126
67.959 -126.165
70.531 -124.855
73.168 -123.155
75.877 -120.728
78.573 -117.064
81.270 -111.279
83.778 -99.637
85.757 -75.369
86.222 -31.377
84.731 1.757
82.301 17.473
79.652 25.033
76.933 29.428
74.269 32.315
71.623 34.146
69.020 35.749
66.512 36.818
64.067 37.631
61.730 38.287
59.487 38.967
57.368 39.386
55.306 39.868
53.349 40.271
51.503 40.498
49.723 40.744
---
52.385 -126.467
54.261 -125.927
56.244 -125.174
58.305 -124.296
60.449 -123.355
62.706 -122.240
65.019 -120.773
67.435 -119.094
69.889 -116.731
72.387 -113.893
74.904 -109.984
77.370 -104.449
79.717 -95.933
81.739 -82.835
83.109 -62.587
83.393 -37.360
82.428 -14.540
80.643 1.123
78.391 11.277
75.942 17.983
73.424 22.513
70.919 25.811
68.456 28.207
65.997 30.115
63.659 31.628
61.378 32.909
59.199 34.007
57.060 34.867
55.072 35.577
53.137 36.266
51.321 36.806
49.551 37.321
---
52.068 -122.733
53.894 -121.758
55.809 -120.855
57.848 -119.678
59.895 -118.357
62.073 -116.753
64.320 -114.815
66.597 -112.437
68.927 -109.399
71.251 -105.659
73.572 -100.775
75.739 -94.166
77.732 -85.146
79.351 -72.960
80.316 -57.309
80.514 -39.699
79.793 -23.106
78.434 -9.349
76.563 0.676
74.477 8.299
72.229 13.856
69.887 17.982
67.530 21.334
65.247 23.885
62.970 25.987
60.789 27.715
58.684 29.172
56.616 30.420
54.669 31.483
52.783 32.337
50.980 33.145
49.304 33.885
---
51.578 -119.077
53.394 -117.957
55.262 -116.709
57.208 -115.269
59.184 -113.602
61.260 -111.594
63.343 -109.260
65.523 -106.394
67.686 -102.930
69.816 -98.543
71.914 -93.192
73.799 -86.321
75.425 -77.914
76.749 -67.116
77.510 -54.305
77.654 -41.104
77.120 -27.876
76.033 -16.358
74.521 -6.889
72.684 0.652
70.649 6.541
68.562 11.319
66.380 15.037
64.289 18.194
62.088 20.644
60.052 22.766
57.990 24.595
56.031 26.164
54.142 27.489
52.313 28.624
50.548 29.646
48.920 30.584
---
51.044 -115.631
52.771 -114.217
54.536 -112.773
56.426 -111.055
58.340 -109.062
60.287 -106.821
62.256 -104.077
64.280 -100.972
66.248 -97.209
68.195 -92.599
70.021 -87.113
71.673 -80.462
73.058 -72.554
74.157 -63.143
74.740 -52.736
74.888 -41.750
74.495 -31.155
73.568 -21.239
72.242 -12.696
70.678 -5.458
68.926 0.514
67.025 5.421
65.076 9.540
63.058 12.928
61.070 15.787
59.133 18.126
57.191 20.249
55.301 22.058
53.491 23.600
51.717 24.974
50.085 26.310
48.412 27.359
---
50.384 -112.114
52.063 -110.669
53.748 -108.963
55.525 -107.122
57.323 -104.975
59.142 -102.504
60.958 -99.557
62.881 -96.145
64.715 -92.281
66.429 -87.719
68.026 -82.197
69.470 -75.845
70.655 -68.632
71.551 -60.389
72.043 -51.382
72.141 -42.269
71.784 -33.079
71.072 -24.753
69.959 -16.981
68.628 -10.269
67.074 -4.597
65.378 0.503
63.617 4.577
61.735 8.183
59.922 11.272
58.070 13.975
56.255 16.272
54.457 18.261
52.723 19.936
51.082 21.535
49.437 22.914
47.878 24.185
---
49.668 -108.877
51.233 -107.279
52.865 -105.492
54.527 -103.384
56.198 -101.061
57.912 -98.492
59.628 -95.394
61.329 -91.997
62.957 -87.936
64.540 -83.383
65.947 -78.204
67.205 -72.207
68.264 -65.530
69.023 -58.358
69.444 -50.574
69.532 -42.698
69.240 -34.848
68.572 -27.333
67.657 -20.414
66.523 -14.291
65.086 -8.667
63.611 -3.843
62.028 0.395
60.297 4.093
58.661 7.239
56.915 9.995
55.204 12.435
53.540 14.623
51.878 16.559
50.323 18.285
48.752 19.837
47.287 21.197
---
48.866 -105.852
50.371 -104.139
51.922 -102.175
53.443 -99.971
55.045 -97.586
56.603 -94.834
58.196 -91.732
59.756 -88.197
61.211 -84.242
62.617 -79.834
63.895 -74.883
64.957 -69.250
65.876 -63.261
66.528 -56.740
66.859 -49.889
66.944 -42.900
66.708 -35.998
66.164 -29.282
65.367 -23.098
64.337 -17.300
63.135 -12.129
61.783 -7.547
60.377 -3.313
58.849 0.330
57.271 3.618
55.666 6.411
54.104 9.074
52.557 11.263
51.012 13.291
49.518 15.167
48.029 16.782
46.564 18.317
---
48.026 -102.897
49.444 -101.141
50.875 -99.132
52.309 -96.770
53.796 -94.372
55.251 -91.534
56.712 -88.387
58.120 -84.916
59.429 -81.034
60.684 -76.724
61.814 -72.095
62.757 -66.923
63.524 -61.419
64.094 -55.506
64.428 -49.371
64.471 -43.169
64.258 -36.968
63.835 -30.941
63.128 -25.320
62.240 -20.002
61.169 -15.021
59.984 -10.629
58.682 -6.614
57.245 -2.960
55.823 0.243
54.410 3.238
52.972 5.826
51.445 8.153
50.025 10.306
48.586 12.216
47.206 13.957
45.837 15.571
---
47.141 -100.255
48.451 -98.399
49.793 -96.218
51.189 -93.914
52.519 -91.376
53.891 -88.596
55.191 -85.459
56.460 -82.133
57.669 -78.320
58.779 -74.185
59.783 -69.708
60.621 -64.957
61.309 -59.919
61.821 -54.555
62.068 -48.937
62.090 -43.283
61.971 -37.811
61.539 -32.299
60.930 -27.109
60.119 -22.186
59.174 -17.562
58.144 -13.327
56.980 -9.376
55.683 -5.899
54.407 -2.641
53.077 0.264
51.713 2.887
50.371 5.297
49.001 7.473
47.677 9.518
46.359 11.341
45.100 12.980
---
46.237 -97.742
47.466 -95.716
48.705 -93.616
49.988 -91.267
51.236 -88.621
52.482 -85.909
53.689 -82.843
54.796 -79.598
55.906 -75.964
56.884 -71.965
57.780 -67.746
58.528 -63.313
59.137 -58.573
59.553 -53.618
59.816 -48.553
59.865 -43.492
59.701 -38.380
59.356 -33.399
58.803 -28.562
58.124 -24.040
57.282 -19.651
56.355 -15.609
55.267 -11.894
54.150 -8.483
52.939 -5.343
51.738 -2.415
50.473 0.244
49.234 2.677
47.999 4.915
46.710 6.900
45.453 8.775
44.286 10.467
---
45.275 -95.306
46.446 -93.319
47.599 -91.134
48.762 -88.777
49.929 -86.244
51.034 -83.526
52.167 -80.526
53.176 -77.302
54.180 -73.819
55.088 -70.066
55.849 -66.077
56.502 -61.885
57.056 -57.547
57.434 -53.024
57.645 -48.359
57.673 -43.616
57.562 -38.937
57.215 -34.280
56.766 -29.927
56.135 -25.557
55.408 -21.515
54.537 -17.730
53.596 -14.170
52.602 -10.792
51.501 -7.658
50.400 -4.829
49.260 -2.192
48.083 0.180
46.913 2.483
45.718 4.468
44.593 6.431
43.436 8.172
---
44.331 -93.102
45.385 -91.063
46.467 -88.912
47.545 -86.556
48.611 -84.051
49.640 -81.311
50.637 -78.414
51.626 -75.281
52.471 -71.957
53.288 -68.443
54.001 -64.668
54.564 -60.691
55.082 -56.589
55.391 -52.335
55.577 -48.049
55.612 -43.709
55.480 -39.422
55.202 -35.121
54.815 -30.947
54.257 -26.991
53.575 -23.134
52.839 -19.449
52.009 -16.085
51.022 -12.857
50.039 -9.824
49.033 -7.075
47.991 -4.488
46.905 -2.012
45.820 0.165
44.739 2.343
43.642 4.171
42.604 6.061
---
43.345 -90.930
44.338 -89.039
45.357 -86.877
46.350 -84.541
47.333 -82.038
48.298 -79.388
49.232 -76.545
50.024 -73.479
50.842 -70.266
51.559 -66.891
52.183 -63.256
52.721 -59.613
53.151 -55.745
53.458 -51.849
53.585 -47.789
53.641 -43.816
53.508 -39.858
53.287 -35.767
52.915 -31.903
52.435 -28.194
51.846 -24.550
51.136 -21.098
50.388 -17.805
49.548 -14.760
48.633 -11.804
47.702 -9.020
46.753 -6.541
45.760 -4.104
44.751 -1.891
43.720 0.203
42.740 2.087
41.713 3.938
---
42.360 -89.026
43.277 -87.017
44.218 -84.889
45.167 -82.614
46.060 -80.161
46.901 -77.550
47.768 -74.787
48.545 -71.889
49.258 -68.812
49.896 -65.556
50.474 -62.192
50.967 -58.740
51.308 -55.060
51.566 -51.356
51.743 -47.691
51.742 -43.934
51.611 -40.100
51.443 -36.425
51.109 -32.797
50.694 -29.214
50.155 -25.821
49.529 -22.485
48.837 -19.373
48.088 -16.426
47.266 -13.552
46.387 -10.909
45.546 -8.420
44.621 -6.033
43.695 -3.826
42.733 -1.793
41.804 0.191
40.871 2.021
---
41.424 -87.180
42.282 -85.240
43.090 -83.108
43.976 -80.892
44.794 -78.446
45.583 -75.950
46.367 -73.253
47.063 -70.434
47.758 -67.458
48.311 -64.405
48.847 -61.246
49.241 -57.884
49.570 -54.464
49.810 -51.044
49.963 -47.474
49.977 -43.956
49.880 -40.407
49.701 -36.973
49.382 -33.494
49.001 -30.144
48.525 -26.944
47.980 -23.732
47.317 -20.828
46.656 -17.887
45.923 -15.196
45.122 -12.584
44.308 -10.116
43.476 -7.807
42.610 -5.583
41.759 -3.624
40.880 -1.631
40.012 0.163
---
40.444 -85.475
41.217 -83.540
42.038 -81.439
42.833 -79.220
43.583 -76.889
44.330 -74.434
45.031 -71.821
45.650 -69.212
46.271 -66.290
46.798 -63.329
47.254 -60.284
47.637 -57.147
47.943 -53.919
48.167 -50.649
48.226 -47.337
48.266 -43.977
48.173 -40.685
48.039 -37.386
47.763 -34.123
47.381 -30.996
46.961 -27.914
46.476 -24.885
45.917 -21.996
45.279 -19.263
44.610 -16.642
43.886 -14.111
43.136 -11.704
42.370 -9.478
41.596 -7.301
40.778 -5.296
39.950 -3.371
39.147 -1.582
