phi std_phi theta std_theta
---
-30.550 0.500 78.795 0.565
-30.925 0.488 76.868 0.595
-31.312 0.477 74.809 0.614
-31.624 0.471 72.713 0.612
-32.008 0.496 70.446 0.634
-32.292 0.481 68.260 0.646
-32.549 0.484 65.976 0.657
-32.796 0.502 63.674 0.679
-32.951 0.502 61.326 0.671
-33.082 0.492 58.968 0.677
-33.205 0.491 56.489 0.691
-33.206 0.495 54.088 0.706
-33.235 0.489 51.676 0.704
-33.162 0.483 49.259 0.686
-33.069 0.499 46.866 0.682
-32.940 0.494 44.510 0.689
-32.768 0.498 42.132 0.685
-32.530 0.503 39.860 0.660
-32.292 0.507 37.555 0.656
-31.988 0.493 35.290 0.634
-31.646 0.488 33.116 0.619
-31.272 0.477 31.041 0.619
-30.878 0.487 28.969 0.592
-30.473 0.475 26.953 0.573
-30.085 0.483 25.074 0.543
-29.649 0.477 23.215 0.502
-29.203 0.466 21.448 0.501
-28.738 0.471 19.716 0.482
-28.258 0.461 17.996 0.484
-27.752 0.451 16.439 0.438
-27.293 0.456 14.919 0.416
-26.830 0.464 13.487 0.401
---
-28.900 0.494 78.836 0.570
-29.277 0.505 76.866 0.590
-29.655 0.489 74.795 0.608
-29.959 0.509 72.652 0.629
-30.313 0.509 70.480 0.646
-30.598 0.506 68.259 0.653
-30.872 0.504 66.003 0.665
-31.075 0.513 63.636 0.684
-31.236 0.503 61.352 0.694
-31.376 0.493 58.964 0.695
-31.468 0.519 56.557 0.710
-31.509 0.513 54.112 0.680
-31.502 0.515 51.645 0.687
-31.458 0.499 49.288 0.695
-31.386 0.497 46.854 0.695
-31.249 0.499 44.484 0.691
-31.042 0.514 42.091 0.681
-30.823 0.522 39.765 0.651
-30.579 0.502 37.542 0.658
-30.272 0.513 35.328 0.640
-29.976 0.486 33.147 0.624
-29.635 0.508 31.030 0.600
-29.289 0.501 29.011 0.580
-28.848 0.494 26.962 0.550
-28.428 0.491 25.046 0.546
-28.013 0.479 23.204 0.529
-27.562 0.486 21.413 0.508
-27.106 0.466 19.655 0.501
-26.676 0.488 18.034 0.460
-26.229 0.480 16.463 0.466
-25.732 0.473 14.919 0.446
-25.323 0.468 13.441 0.422
---
-27.209 0.523 78.849 0.556
-27.585 0.519 76.827 0.602
-27.928 0.515 74.769 0.594
-28.266 0.512 72.680 0.622
-28.563 0.513 70.486 0.636
-28.822 0.519 68.268 0.680
-29.073 0.528 65.999 0.664
-29.288 0.527 63.706 0.685
-29.462 0.534 61.320 0.706
-29.576 0.526 58.934 0.690
-29.667 0.520 56.546 0.693
-29.709 0.531 54.085 0.711
-29.722 0.531 51.703 0.710
-29.672 0.531 49.305 0.701
-29.575 0.533 46.879 0.700
-29.437 0.526 44.485 0.665
-29.292 0.529 42.145 0.682
-29.077 0.525 39.783 0.674
-28.810 0.518 37.546 0.653
-28.527 0.530 35.319 0.641
-28.222 0.536 33.177 0.622
-27.934 0.509 30.999 0.613
-27.507 0.501 28.959 0.586
-27.137 0.499 26.973 0.572
-26.740 0.480 25.070 0.545
-26.389 0.508 23.249 0.539
-25.938 0.484 21.449 0.503
-25.498 0.512 19.672 0.500
-25.083 0.485 18.024 0.475
-24.592 0.471 16.427 0.460
-24.185 0.471 14.904 0.435
-23.747 0.470 13.434 0.415
---
-25.418 0.527 78.865 0.554
-25.779 0.532 76.864 0.592
-26.157 0.523 74.781 0.605
-26.464 0.537 72.711 0.601
-26.723 0.554 70.506 0.634
-27.009 0.534 68.274 0.655
-27.232 0.539 65.997 0.652
-27.478 0.539 63.671 0.685
-27.615 0.543 61.309 0.675
-27.744 0.548 58.946 0.675
-27.839 0.547 56.551 0.685
-27.857 0.554 54.093 0.718
-27.851 0.546 51.698 0.712
-27.798 0.545 49.277 0.686
-27.714 0.571 46.902 0.688
-27.575 0.548 44.483 0.695
-27.421 0.554 42.152 0.690
-27.211 0.553 39.802 0.663
-26.983 0.548 37.562 0.649
-26.691 0.531 35.344 0.640
-26.427 0.539 33.193 0.627
-26.111 0.530 31.057 0.594
-25.736 0.529 28.955 0.563
-25.375 0.534 26.978 0.558
-25.038 0.500 25.066 0.530
-24.629 0.511 23.202 0.516
-24.222 0.499 21.425 0.498
-23.830 0.512 19.695 0.472
-23.454 0.510 18.050 0.479
-23.017 0.501 16.493 0.437
-22.566 0.490 14.880 0.442
-22.178 0.471 13.434 0.422
---
-23.638 0.531 78.836 0.577
-23.948 0.530 76.849 0.593
-24.291 0.559 74.845 0.598
-24.576 0.559 72.675 0.629
-24.874 0.547 70.512 0.641
-25.102 0.557 68.253 0.648
-25.336 0.552 66.012 0.677
-25.520 0.562 63.666 0.682
-25.688 0.575 61.302 0.686
-25.799 0.553 58.905 0.675
-25.878 0.571 56.535 0.711
-25.912 0.558 54.094 0.704
-25.892 0.577 51.689 0.700
-25.870 0.565 49.264 0.685
-25.775 0.573 46.852 0.691
-25.675 0.566 44.474 0.683
-25.511 0.567 42.112 0.666
-25.317 0.555 39.823 0.673
-25.077 0.547 37.556 0.648
-24.851 0.554 35.341 0.638
-24.580 0.546 33.168 0.618
-24.261 0.555 31.087 0.604
-23.906 0.544 28.936 0.578
-23.589 0.545 27.000 0.576
-23.230 0.532 25.075 0.540
-22.869 0.517 23.207 0.510
-22.486 0.511 21.415 0.508
-22.101 0.521 19.702 0.494
-21.735 0.511 18.016 0.471
-21.347 0.495 16.444 0.453
-20.921 0.500 14.873 0.427
-20.530 0.501 13.411 0.407
---
-21.757 0.550 78.821 0.576
-22.085 0.551 76.843 0.575
-22.397 0.564 74.821 0.601
-22.696 0.575 72.662 0.616
-22.957 0.574 70.495 0.644
-23.160 0.577 68.228 0.645
-23.382 0.576 65.967 0.678
-23.584 0.574 63.679 0.671
-23.686 0.586 61.348 0.685
-23.813 0.575 58.948 0.688
-23.896 0.586 56.542 0.700
-23.963 0.580 54.122 0.692
-23.920 0.575 51.636 0.696
-23.897 0.587 49.229 0.687
-23.795 0.583 46.872 0.684
-23.695 0.560 44.476 0.670
-23.538 0.569 42.132 0.673
-23.336 0.582 39.857 0.653
-23.165 0.573 37.552 0.638
-22.931 0.580 35.327 0.633
-22.678 0.561 33.156 0.623
-22.372 0.554 31.074 0.593
-22.034 0.542 28.991 0.572
-21.778 0.524 27.024 0.559
-21.411 0.536 25.068 0.545
-21.101 0.531 23.258 0.535
-20.708 0.524 21.381 0.502
-20.329 0.528 19.693 0.490
-20.002 0.503 18.030 0.453
-19.596 0.505 16.449 0.446
-19.240 0.496 14.918 0.423
-18.892 0.498 13.418 0.412
---
-19.855 0.574 78.846 0.576
-20.167 0.577 76.833 0.592
-20.428 0.559 74.802 0.592
-20.712 0.586 72.690 0.632
-20.970 0.578 70.511 0.635
-21.158 0.573 68.261 0.650
-21.371 0.591 65.971 0.660
-21.548 0.594 63.665 0.665
-21.641 0.595 61.341 0.679
-21.784 0.588 58.955 0.679
-21.836 0.602 56.531 0.690
-21.857 0.602 54.106 0.700
-21.884 0.603 51.726 0.704
-21.823 0.590 49.295 0.716
-21.745 0.606 46.882 0.683
-21.655 0.591 44.460 0.680
-21.506 0.606 42.146 0.666
-21.353 0.591 39.813 0.665
-21.148 0.595 37.571 0.652
-20.944 0.573 35.333 0.644
-20.685 0.580 33.156 0.614
-20.409 0.585 31.051 0.588
-20.152 0.561 28.983 0.600
-19.839 0.565 26.988 0.563
-19.505 0.559 25.075 0.541
-19.210 0.547 23.222 0.534
-18.893 0.551 21.396 0.503
-18.570 0.525 19.684 0.495
-18.240 0.526 18.080 0.470
-17.882 0.531 16.437 0.448
-17.535 0.496 14.949 0.426
-17.191 0.510 13.410 0.406
---
-17.896 0.567 78.837 0.568
-18.201 0.568 76.853 0.578
-18.454 0.595 74.763 0.591
-18.672 0.597 72.656 0.622
-18.880 0.610 70.529 0.633
-19.106 0.602 68.243 0.649
-19.281 0.622 66.030 0.655
-19.466 0.606 63.675 0.668
-19.584 0.623 61.313 0.678
-19.658 0.629 58.935 0.688
-19.715 0.613 56.499 0.699
-19.742 0.621 54.107 0.702
-19.752 0.621 51.694 0.709
-19.740 0.616 49.265 0.684
-19.680 0.622 46.860 0.690
-19.569 0.612 44.508 0.699
-19.442 0.603 42.122 0.674
-19.284 0.608 39.828 0.673
-19.106 0.617 37.539 0.653
-18.857 0.593 35.308 0.647
-18.682 0.582 33.161 0.608
-18.424 0.582 31.036 0.591
-18.143 0.577 28.962 0.567
-17.894 0.592 27.005 0.566
-17.605 0.571 25.055 0.539
-17.352 0.566 23.222 0.529
-17.005 0.555 21.397 0.502
-16.734 0.537 19.687 0.486
-16.462 0.532 18.040 0.474
-16.098 0.531 16.474 0.460
-15.799 0.508 14.879 0.440
-15.486 0.508 13.449 0.421
---
-15.930 0.582 78.865 0.559
-16.146 0.600 76.896 0.580
-16.391 0.596 74.825 0.614
-16.633 0.596 72.660 0.606
-16.840 0.622 70.475 0.634
-17.020 0.627 68.279 0.652
-17.124 0.627 65.986 0.674
-17.283 0.635 63.668 0.674
-17.428 0.629 61.312 0.692
-17.478 0.647 58.942 0.685
-17.556 0.634 56.504 0.718
-17.594 0.631 54.098 0.699
-17.588 0.639 51.682 0.695
-17.582 0.635 49.237 0.694
-17.524 0.641 46.890 0.697
-17.372 0.641 44.485 0.681
-17.286 0.640 42.151 0.680
-17.166 0.620 39.821 0.670
-16.983 0.636 37.505 0.662
-16.798 0.610 35.329 0.620
-16.579 0.610 33.167 0.628
-16.386 0.606 31.034 0.601
-16.182 0.592 28.990 0.591
-15.889 0.588 26.994 0.559
-15.619 0.562 25.070 0.571
-15.427 0.563 23.232 0.529
-15.124 0.556 21.425 0.506
-14.817 0.558 19.722 0.492
-14.537 0.538 18.031 0.472
-14.306 0.528 16.442 0.456
-13.990 0.510 14.906 0.433
-13.757 0.517 13.459 0.409
---
-13.866 0.602 78.862 0.575
-14.103 0.615 76.848 0.604
-14.296 0.623 74.814 0.601
-14.501 0.612 72.669 0.613
-14.689 0.617 70.500 0.637
-14.854 0.616 68.265 0.647
-14.972 0.631 65.979 0.664
-15.116 0.647 63.677 0.672
-15.217 0.651 61.298 0.700
-15.280 0.667 58.918 0.692
-15.303 0.656 56.565 0.686
-15.359 0.662 54.142 0.698
-15.350 0.649 51.705 0.696
-15.327 0.646 49.244 0.708
-15.283 0.652 46.838 0.684
-15.200 0.665 44.498 0.683
-15.088 0.640 42.104 0.688
-15.008 0.625 39.833 0.663
-14.840 0.629 37.530 0.644
-14.622 0.620 35.299 0.634
-14.504 0.627 33.177 0.635
-14.259 0.617 31.023 0.601
-14.051 0.624 28.958 0.596
-13.887 0.592 26.970 0.566
-13.665 0.579 25.067 0.555
-13.429 0.575 23.219 0.531
-13.159 0.570 21.416 0.510
-12.925 0.560 19.715 0.482
-12.703 0.560 18.048 0.476
-12.461 0.534 16.441 0.435
-12.205 0.533 14.951 0.429
-11.962 0.517 13.424 0.421
---
-11.806 0.593 78.835 0.563
-12.003 0.608 76.889 0.577
-12.142 0.639 74.789 0.593
-12.366 0.623 72.665 0.612
-12.499 0.639 70.491 0.636
-12.660 0.649 68.255 0.647
-12.760 0.667 66.016 0.671
-12.816 0.647 63.675 0.689
-12.957 0.667 61.299 0.695
-13.045 0.667 58.930 0.701
-13.075 0.664 56.545 0.694
-13.091 0.656 54.133 0.703
-13.088 0.666 51.713 0.704
-13.054 0.663 49.272 0.689
-12.998 0.680 46.889 0.714
-12.939 0.660 44.480 0.674
-12.875 0.640 42.139 0.660
-12.768 0.647 39.820 0.640
-12.658 0.645 37.542 0.649
-12.475 0.645 35.312 0.642
-12.316 0.614 33.144 0.631
-12.206 0.634 31.054 0.618
-11.992 0.608 28.973 0.588
-11.796 0.600 27.008 0.582
-11.614 0.607 25.086 0.542
-11.406 0.576 23.195 0.527
-11.217 0.579 21.393 0.519
-10.990 0.564 19.647 0.490
-10.833 0.556 18.037 0.466
-10.596 0.537 16.453 0.451
-10.360 0.522 14.908 0.433
-10.130 0.525 13.432 0.416
---
-9.700 0.619 78.861 0.578
-9.877 0.614 76.828 0.595
-10.007 0.633 74.784 0.628
-10.128 0.631 72.667 0.624
-10.306 0.642 70.473 0.630
-10.362 0.652 68.307 0.648
-10.501 0.680 65.989 0.668
-10.583 0.649 63.667 0.687
-10.658 0.658 61.312 0.687
-10.697 0.660 58.940 0.698
-10.760 0.678 56.535 0.691
-10.754 0.671 54.117 0.692
-10.784 0.673 51.710 0.687
-10.742 0.673 49.292 0.688
-10.699 0.660 46.879 0.680
-10.634 0.666 44.497 0.687
-10.554 0.667 42.118 0.673
-10.495 0.666 39.827 0.660
-10.408 0.646 37.540 0.655
-10.283 0.655 35.322 0.653
-10.181 0.652 33.156 0.607
-10.006 0.630 31.022 0.601
-9.858 0.624 28.989 0.590
-9.701 0.616 27.020 0.573
-9.538 0.606 25.083 0.531
-9.360 0.603 23.216 0.523
-9.228 0.567 21.429 0.508
-9.020 0.571 19.714 0.494
-8.841 0.554 18.043 0.486
-8.679 0.554 16.456 0.451
-8.521 0.552 14.941 0.449
-8.381 0.522 13.429 0.415
---
-7.555 0.622 78.828 0.568
-7.689 0.629 76.859 0.585
-7.838 0.637 74.781 0.600
-7.940 0.644 72.668 0.621
-8.010 0.649 70.507 0.639
-8.119 0.665 68.277 0.660
-8.224 0.665 65.992 0.665
-8.276 0.663 63.673 0.684
-8.319 0.677 61.316 0.682
-8.341 0.678 58.952 0.682
-8.428 0.667 56.518 0.696
-8.396 0.672 54.138 0.695
-8.416 0.678 51.737 0.691
-8.374 0.690 49.253 0.708
-8.355 0.687 46.856 0.691
-8.334 0.679 44.501 0.689
-8.269 0.678 42.164 0.694
-8.202 0.662 39.807 0.656
-8.116 0.652 37.554 0.652
-8.024 0.644 35.332 0.639
-7.940 0.640 33.160 0.620
-7.794 0.640 31.022 0.621
-7.685 0.634 28.991 0.594
-7.566 0.625 27.019 0.554
-7.424 0.600 25.039 0.545
-7.372 0.612 23.255 0.523
-7.200 0.582 21.401 0.505
-7.082 0.571 19.713 0.481
-6.908 0.566 18.042 0.478
-6.747 0.551 16.450 0.445
-6.634 0.537 14.899 0.447
-6.482 0.521 13.420 0.419
---
-5.435 0.634 78.817 0.576
-5.492 0.626 76.824 0.574
-5.584 0.645 74.796 0.610
-5.711 0.638 72.649 0.625
-5.727 0.666 70.488 0.640
-5.849 0.669 68.273 0.649
-5.881 0.678 65.978 0.660
-5.891 0.692 63.641 0.685
-5.934 0.676 61.330 0.686
-6.008 0.684 58.918 0.684
-6.031 0.699 56.529 0.696
-6.025 0.681 54.131 0.713
-6.041 0.682 51.685 0.692
-6.011 0.689 49.247 0.695
-6.003 0.709 46.868 0.697
-5.976 0.699 44.496 0.688
-5.898 0.689 42.126 0.674
-5.907 0.673 39.823 0.663
-5.827 0.658 37.565 0.659
-5.756 0.657 35.322 0.639
-5.702 0.631 33.158 0.624
-5.606 0.635 31.054 0.612
-5.512 0.641 28.957 0.581
-5.422 0.628 26.985 0.574
-5.366 0.623 25.065 0.538
-5.246 0.586 23.203 0.528
-5.136 0.579 21.445 0.495
-5.026 0.564 19.715 0.491
-4.959 0.567 18.044 0.462
-4.856 0.566 16.469 0.445
-4.722 0.554 14.908 0.436
-4.657 0.545 13.428 0.421
---
-3.267 0.639 78.859 0.585
-3.323 0.645 76.829 0.583
-3.358 0.652 74.804 0.609
-3.416 0.658 72.691 0.620
-3.458 0.660 70.498 0.651
-3.528 0.666 68.304 0.650
-3.539 0.670 65.986 0.659
-3.590 0.681 63.686 0.675
-3.616 0.696 61.319 0.685
-3.585 0.701 58.925 0.687
-3.633 0.696 56.521 0.708
-3.624 0.689 54.137 0.696
-3.629 0.702 51.698 0.712
-3.634 0.687 49.311 0.703
-3.592 0.701 46.864 0.681
-3.605 0.691 44.467 0.682
-3.562 0.691 42.127 0.689
-3.517 0.693 39.810 0.658
-3.505 0.666 37.557 0.656
-3.458 0.650 35.347 0.638
-3.393 0.653 33.142 0.635
-3.341 0.655 31.029 0.594
-3.303 0.642 28.971 0.574
-3.247 0.632 26.987 0.578
-3.208 0.600 25.081 0.538
-3.144 0.595 23.193 0.533
-3.069 0.599 21.432 0.516
-3.037 0.583 19.690 0.480
-3.009 0.575 18.070 0.481
-2.907 0.572 16.430 0.444
-2.858 0.557 14.899 0.430
-2.789 0.536 13.443 0.418
---
-1.101 0.637 78.843 0.570
-1.086 0.640 76.894 0.577
-1.150 0.664 74.804 0.597
-1.169 0.653 72.638 0.634
-1.180 0.664 70.533 0.635
-1.140 0.670 68.246 0.654
-1.153 0.696 65.982 0.669
-1.202 0.684 63.660 0.680
-1.177 0.704 61.301 0.677
-1.219 0.716 58.927 0.695
-1.195 0.709 56.547 0.689
-1.213 0.695 54.118 0.688
-1.218 0.706 51.655 0.696
-1.205 0.686 49.288 0.694
-1.206 0.700 46.835 0.691
-1.250 0.695 44.468 0.681
-1.198 0.685 42.120 0.687
-1.168 0.676 39.837 0.656
-1.151 0.679 37.548 0.651
-1.151 0.675 35.317 0.635
-1.150 0.651 33.181 0.624
-1.128 0.648 31.017 0.611
-1.091 0.643 29.027 0.572
-1.080 0.629 27.023 0.573
-1.085 0.622 25.084 0.556
-1.063 0.600 23.219 0.529
-1.038 0.592 21.409 0.512
-1.020 0.590 19.681 0.482
-1.030 0.578 18.042 0.464
-0.996 0.564 16.453 0.449
-0.932 0.555 14.911 0.436
-0.947 0.517 13.457 0.415
---
1.078 0.635 78.824 0.570
1.101 0.646 76.833 0.582
1.115 0.639 74.779 0.616
1.139 0.669 72.676 0.629
1.182 0.660 70.500 0.652
1.163 0.674 68.254 0.647
1.182 0.678 66.006 0.667
1.196 0.687 63.714 0.661
1.215 0.706 61.317 0.686
1.188 0.701 58.935 0.690
1.180 0.682 56.521 0.702
1.184 0.697 54.150 0.694
1.203 0.716 51.721 0.716
1.230 0.695 49.272 0.709
1.216 0.706 46.888 0.692
1.187 0.677 44.487 0.674
1.197 0.670 42.149 0.676
1.201 0.674 39.804 0.663
1.181 0.692 37.537 0.654
1.182 0.668 35.322 0.638
1.134 0.656 33.165 0.627
1.138 0.640 31.026 0.608
1.159 0.629 28.969 0.594
1.078 0.633 26.974 0.560
1.097 0.617 25.075 0.553
1.073 0.602 23.240 0.536
1.054 0.593 21.411 0.508
1.014 0.581 19.694 0.487
0.955 0.572 18.025 0.472
0.959 0.578 16.465 0.456
0.960 0.552 14.919 0.448
0.931 0.536 13.441 0.419
---
3.256 0.607 78.862 0.558
3.311 0.624 76.850 0.591
3.375 0.644 74.772 0.594
3.409 0.654 72.672 0.624
3.469 0.666 70.489 0.651
3.496 0.669 68.255 0.655
3.545 0.676 66.001 0.661
3.570 0.678 63.660 0.676
3.570 0.696 61.336 0.699
3.629 0.700 58.918 0.698
3.622 0.703 56.554 0.703
3.634 0.710 54.135 0.693
3.631 0.692 51.682 0.683
3.609 0.691 49.257 0.695
3.613 0.690 46.872 0.684
3.579 0.682 44.486 0.692
3.567 0.673 42.157 0.678
3.524 0.680 39.853 0.661
3.525 0.672 37.553 0.656
3.466 0.675 35.337 0.646
3.365 0.655 33.162 0.618
3.367 0.648 31.051 0.600
3.297 0.642 29.005 0.585
3.273 0.632 26.998 0.579
3.205 0.610 25.083 0.551
3.139 0.606 23.219 0.531
3.045 0.588 21.416 0.504
3.023 0.586 19.685 0.489
2.969 0.580 18.046 0.469
2.931 0.550 16.428 0.463
2.838 0.526 14.892 0.435
2.800 0.535 13.411 0.411
---
5.462 0.615 78.879 0.570
5.516 0.638 76.897 0.584
5.614 0.636 74.836 0.601
5.643 0.645 72.635 0.618
5.761 0.655 70.500 0.634
5.838 0.676 68.256 0.647
5.876 0.672 66.003 0.683
5.947 0.689 63.649 0.681
5.980 0.686 61.326 0.690
5.986 0.685 58.939 0.683
6.031 0.699 56.517 0.685
6.002 0.699 54.136 0.700
6.018 0.679 51.662 0.701
6.004 0.690 49.300 0.695
6.003 0.684 46.867 0.691
5.987 0.700 44.496 0.680
5.938 0.678 42.126 0.675
5.860 0.678 39.831 0.663
5.818 0.680 37.550 0.644
5.703 0.669 35.335 0.639
5.660 0.651 33.172 0.617
5.589 0.636 31.039 0.599
5.512 0.641 29.019 0.587
5.426 0.636 27.005 0.568
5.319 0.610 25.075 0.536
5.211 0.599 23.207 0.510
5.166 0.602 21.433 0.507
5.040 0.580 19.685 0.477
4.962 0.560 18.031 0.462
4.834 0.561 16.451 0.463
4.750 0.556 14.882 0.428
4.643 0.532 13.447 0.422
---
7.557 0.628 78.861 0.578
7.665 0.623 76.862 0.567
7.835 0.640 74.758 0.592
7.924 0.641 72.648 0.625
8.025 0.658 70.507 0.627
8.110 0.662 68.279 0.646
8.182 0.662 66.019 0.648
8.265 0.674 63.684 0.668
8.327 0.674 61.353 0.683
8.357 0.704 58.931 0.683
8.394 0.668 56.536 0.705
8.410 0.689 54.081 0.692
8.393 0.687 51.701 0.702
8.397 0.686 49.250 0.704
8.386 0.676 46.878 0.702
8.315 0.680 44.470 0.678
8.299 0.679 42.142 0.679
8.186 0.663 39.829 0.667
8.133 0.658 37.567 0.654
7.997 0.654 35.333 0.638
7.929 0.647 33.148 0.625
7.810 0.634 31.031 0.611
7.663 0.622 28.980 0.586
7.562 0.632 27.006 0.564
7.452 0.609 25.070 0.544
7.318 0.606 23.224 0.535
7.209 0.583 21.399 0.502
7.068 0.589 19.677 0.490
6.933 0.552 18.053 0.475
6.770 0.559 16.463 0.452
6.652 0.536 14.925 0.436
6.503 0.541 13.442 0.422
---
9.705 0.622 78.836 0.563
9.860 0.613 76.847 0.588
9.996 0.618 74.780 0.596
10.137 0.626 72.664 0.626
10.269 0.656 70.491 0.637
10.391 0.660 68.257 0.657
10.511 0.664 66.008 0.675
10.581 0.670 63.677 0.675
10.678 0.667 61.346 0.701
10.685 0.685 58.935 0.693
10.733 0.666 56.556 0.714
10.740 0.671 54.096 0.688
10.773 0.683 51.697 0.693
10.768 0.665 49.269 0.688
10.700 0.660 46.888 0.706
10.644 0.672 44.516 0.678
10.569 0.669 42.159 0.675
10.513 0.661 39.825 0.675
10.371 0.639 37.557 0.656
10.279 0.651 35.318 0.626
10.109 0.639 33.127 0.627
10.028 0.630 31.038 0.602
9.839 0.628 28.981 0.588
9.728 0.602 26.991 0.565
9.570 0.582 25.036 0.542
9.373 0.597 23.196 0.519
9.204 0.577 21.445 0.507
9.033 0.581 19.668 0.485
8.860 0.562 18.065 0.479
8.674 0.543 16.415 0.456
8.524 0.545 14.891 0.435
8.319 0.521 13.439 0.412
---
11.800 0.617 78.872 0.561
12.001 0.610 76.842 0.590
12.162 0.625 74.806 0.614
12.343 0.634 72.655 0.614
12.515 0.639 70.481 0.620
12.636 0.636 68.280 0.667
12.752 0.649 66.013 0.672
12.873 0.654 63.679 0.690
12.944 0.649 61.332 0.673
13.010 0.665 58.939 0.703
13.107 0.660 56.535 0.702
13.117 0.667 54.150 0.681
13.114 0.667 51.714 0.690
13.041 0.656 49.285 0.689
12.973 0.661 46.905 0.693
12.960 0.664 44.455 0.689
12.853 0.651 42.128 0.675
12.744 0.636 39.790 0.655
12.634 0.645 37.563 0.657
12.503 0.632 35.343 0.641
12.288 0.631 33.158 0.613
12.170 0.644 31.068 0.610
11.988 0.611 28.994 0.576
11.790 0.610 26.990 0.579
11.573 0.580 25.077 0.529
11.385 0.582 23.216 0.536
11.191 0.573 21.421 0.513
10.985 0.559 19.692 0.489
10.790 0.554 18.022 0.477
10.585 0.550 16.443 0.466
10.362 0.542 14.909 0.429
10.183 0.515 13.425 0.414
---
13.899 0.598 78.827 0.569
14.118 0.617 76.853 0.594
14.308 0.604 74.819 0.588
14.485 0.631 72.673 0.615
14.677 0.625 70.490 0.639
14.855 0.628 68.272 0.669
14.969 0.626 65.993 0.674
15.091 0.621 63.690 0.679
15.187 0.650 61.301 0.669
15.274 0.659 58.935 0.682
15.322 0.648 56.533 0.686
15.363 0.651 54.087 0.689
15.347 0.659 51.681 0.692
15.335 0.642 49.302 0.691
15.282 0.654 46.857 0.697
15.228 0.642 44.497 0.685
15.088 0.633 42.160 0.674
14.982 0.633 39.846 0.676
14.811 0.621 37.550 0.649
14.722 0.622 35.352 0.623
14.475 0.611 33.154 0.628
14.322 0.605 31.037 0.603
14.123 0.590 28.957 0.584
13.905 0.578 26.988 0.575
13.652 0.589 25.078 0.560
13.410 0.577 23.232 0.540
13.197 0.556 21.406 0.503
12.944 0.578 19.702 0.485
12.706 0.546 18.024 0.475
12.443 0.540 16.448 0.453
12.204 0.526 14.899 0.442
11.933 0.518 13.422 0.414
---
15.916 0.592 78.846 0.562
16.220 0.598 76.836 0.585
16.430 0.607 74.791 0.606
16.630 0.615 72.681 0.602
16.777 0.623 70.487 0.634
17.031 0.620 68.279 0.642
17.137 0.603 66.002 0.673
17.323 0.636 63.667 0.705
17.410 0.640 61.313 0.684
17.438 0.631 58.944 0.693
17.560 0.648 56.521 0.683
17.582 0.644 54.108 0.687
17.589 0.619 51.698 0.708
17.536 0.641 49.266 0.690
17.526 0.630 46.887 0.703
17.404 0.618 44.460 0.703
17.313 0.629 42.153 0.669
17.172 0.626 39.843 0.661
17.027 0.617 37.557 0.651
16.840 0.605 35.380 0.620
16.621 0.594 33.171 0.631
16.398 0.609 31.052 0.618
16.116 0.599 28.975 0.573
15.898 0.581 27.009 0.567
15.656 0.572 25.082 0.546
15.373 0.555 23.192 0.528
15.109 0.558 21.423 0.511
14.881 0.553 19.714 0.487
14.560 0.544 18.075 0.480
14.316 0.543 16.464 0.466
14.007 0.527 14.883 0.442
13.730 0.525 13.447 0.440
---
17.922 0.570 78.820 0.570
18.193 0.578 76.807 0.592
18.467 0.598 74.774 0.615
18.718 0.586 72.689 0.627
18.940 0.595 70.480 0.646
19.108 0.610 68.254 0.644
19.287 0.610 65.998 0.670
19.445 0.618 63.699 0.687
19.581 0.618 61.318 0.687
19.650 0.627 58.940 0.687
19.715 0.600 56.526 0.687
19.757 0.634 54.123 0.679
19.756 0.619 51.661 0.686
19.752 0.615 49.273 0.701
19.656 0.622 46.884 0.676
19.540 0.626 44.493 0.692
19.422 0.617 42.146 0.678
19.275 0.618 39.807 0.655
19.087 0.601 37.540 0.641
18.900 0.607 35.303 0.637
18.699 0.611 33.139 0.619
18.439 0.602 31.049 0.601
18.183 0.580 29.005 0.584
17.867 0.579 26.998 0.550
17.593 0.577 25.062 0.538
17.342 0.550 23.204 0.531
17.004 0.560 21.434 0.505
16.739 0.543 19.688 0.479
16.414 0.520 18.055 0.468
16.099 0.525 16.437 0.468
15.806 0.511 14.917 0.435
15.487 0.532 13.436 0.416
---
19.851 0.567 78.875 0.566
20.143 0.570 76.860 0.598
20.453 0.573 74.777 0.598
20.693 0.579 72.674 0.628
21.003 0.588 70.528 0.635
21.167 0.586 68.232 0.645
21.378 0.591 66.025 0.664
21.512 0.600 63.700 0.667
21.624 0.596 61.303 0.671
21.759 0.601 58.900 0.698
21.870 0.602 56.539 0.704
21.873 0.597 54.122 0.682
21.853 0.601 51.688 0.686
21.826 0.607 49.308 0.699
21.765 0.588 46.910 0.694
21.656 0.593 44.521 0.681
21.541 0.592 42.148 0.686
21.325 0.598 39.790 0.678
21.153 0.594 37.541 0.658
20.956 0.583 35.332 0.624
20.700 0.583 33.128 0.618
20.404 0.586 31.015 0.608
20.147 0.581 28.982 0.579
19.859 0.550 27.012 0.562
19.552 0.549 25.090 0.545
19.220 0.549 23.245 0.529
18.889 0.536 21.436 0.507
18.549 0.533 19.689 0.500
18.188 0.516 18.049 0.489
17.931 0.525 16.421 0.427
17.532 0.499 14.903 0.425
17.206 0.489 13.437 0.421
---
21.758 0.541 78.907 0.551
22.093 0.572 76.846 0.581
22.395 0.560 74.811 0.607
22.641 0.561 72.656 0.619
22.935 0.581 70.484 0.638
23.170 0.579 68.263 0.658
23.395 0.580 66.029 0.674
23.571 0.582 63.640 0.675
23.690 0.587 61.291 0.685
23.820 0.583 58.983 0.692
23.886 0.560 56.515 0.676
23.915 0.587 54.102 0.689
23.935 0.587 51.698 0.695
23.861 0.572 49.265 0.684
23.809 0.579 46.887 0.702
23.684 0.586 44.445 0.679
23.537 0.576 42.129 0.670
23.381 0.577 39.815 0.650
23.182 0.572 37.557 0.648
22.934 0.568 35.354 0.633
22.676 0.566 33.156 0.617
22.379 0.571 31.009 0.612
22.077 0.542 28.980 0.588
21.738 0.538 27.004 0.559
21.392 0.550 25.067 0.542
21.048 0.550 23.182 0.525
20.721 0.547 21.455 0.513
20.349 0.512 19.712 0.486
19.980 0.515 18.036 0.473
19.635 0.516 16.408 0.448
19.264 0.503 14.911 0.425
18.884 0.494 13.434 0.427
---
23.637 0.536 78.863 0.558
23.967 0.564 76.841 0.580
24.269 0.567 74.787 0.605
24.569 0.546 72.696 0.597
24.867 0.558 70.498 0.636
25.118 0.565 68.299 0.651
25.367 0.565 65.954 0.671
25.543 0.574 63.680 0.689
25.680 0.571 61.293 0.697
25.778 0.565 58.912 0.702
25.925 0.567 56.569 0.712
25.924 0.548 54.133 0.718
25.916 0.572 51.726 0.702
25.901 0.567 49.275 0.697
25.789 0.577 46.879 0.701
25.682 0.573 44.494 0.693
25.541 0.556 42.132 0.670
25.345 0.561 39.839 0.667
25.102 0.563 37.542 0.665
24.861 0.559 35.306 0.615
24.582 0.564 33.163 0.615
24.278 0.530 31.035 0.596
23.948 0.537 29.004 0.578
23.618 0.532 26.995 0.553
23.252 0.533 25.040 0.539
22.849 0.499 23.169 0.531
22.497 0.533 21.419 0.510
22.095 0.525 19.690 0.481
21.699 0.512 18.052 0.465
21.329 0.511 16.466 0.439
20.929 0.498 14.899 0.431
20.523 0.494 13.443 0.420
---
25.460 0.539 78.849 0.569
25.788 0.522 76.849 0.589
26.132 0.526 74.811 0.609
26.441 0.559 72.671 0.617
26.768 0.538 70.468 0.615
27.008 0.549 68.230 0.648
27.189 0.551 65.982 0.650
27.440 0.537 63.676 0.667
27.600 0.542 61.332 0.668
27.726 0.541 58.904 0.683
27.811 0.556 56.551 0.704
27.835 0.531 54.113 0.706
27.842 0.548 51.715 0.698
27.813 0.553 49.249 0.688
27.719 0.554 46.877 0.705
27.600 0.548 44.486 0.690
27.410 0.542 42.119 0.677
27.218 0.545 39.824 0.667
26.977 0.551 37.545 0.651
26.719 0.538 35.318 0.632
26.443 0.542 33.153 0.614
26.141 0.517 31.049 0.603
25.763 0.548 29.017 0.604
25.417 0.530 26.981 0.550
25.008 0.525 25.078 0.537
24.648 0.505 23.222 0.536
24.223 0.516 21.437 0.513
23.849 0.513 19.708 0.482
23.454 0.488 18.024 0.475
22.998 0.481 16.438 0.448
22.563 0.486 14.900 0.435
22.147 0.488 13.460 0.421
---
27.205 0.505 78.822 0.574
27.577 0.518 76.859 0.600
27.921 0.513 74.794 0.608
28.260 0.527 72.699 0.615
28.561 0.522 70.478 0.644
28.813 0.531 68.272 0.667
29.093 0.520 65.996 0.672
29.252 0.528 63.668 0.690
29.450 0.514 61.277 0.669
29.567 0.522 58.982 0.678
29.706 0.538 56.529 0.685
29.693 0.524 54.133 0.681
29.683 0.521 51.674 0.680
29.653 0.530 49.258 0.693
29.543 0.524 46.896 0.708
29.451 0.545 44.493 0.673
29.274 0.531 42.134 0.678
29.078 0.527 39.848 0.647
28.817 0.524 37.538 0.648
28.544 0.525 35.327 0.633
28.222 0.530 33.115 0.621
27.905 0.517 31.023 0.579
27.528 0.518 28.962 0.580
27.168 0.508 26.980 0.568
26.762 0.516 25.054 0.536
26.358 0.519 23.236 0.533
25.911 0.496 21.400 0.502
25.488 0.488 19.695 0.483
25.040 0.481 18.045 0.472
24.608 0.470 16.437 0.434
24.199 0.460 14.924 0.423
23.734 0.467 13.436 0.425
---
28.888 0.520 78.809 0.565
29.272 0.512 76.871 0.578
29.666 0.490 74.741 0.617
30.018 0.517 72.679 0.631
30.274 0.512 70.520 0.649
30.580 0.517 68.302 0.646
30.859 0.504 65.991 0.679
31.058 0.516 63.699 0.677
31.228 0.503 61.329 0.694
31.360 0.498 58.957 0.703
31.454 0.500 56.561 0.703
31.473 0.509 54.106 0.706
31.482 0.511 51.697 0.697
31.430 0.507 49.312 0.699
31.325 0.508 46.835 0.668
31.235 0.522 44.475 0.687
31.019 0.509 42.120 0.673
30.807 0.516 39.842 0.680
30.560 0.504 37.558 0.631
30.296 0.506 35.362 0.639
29.921 0.497 33.146 0.621
29.624 0.501 31.003 0.612
29.237 0.494 28.969 0.599
28.818 0.496 27.005 0.546
28.443 0.497 25.072 0.551
28.023 0.481 23.226 0.523
27.574 0.485 21.425 0.502
27.159 0.462 19.712 0.487
26.666 0.482 18.046 0.457
26.188 0.473 16.422 0.440
25.747 0.464 14.922 0.452
25.291 0.453 13.448 0.419
---
30.535 0.487 78.884 0.569
30.949 0.483 76.840 0.579
31.284 0.483 74.819 0.611
31.649 0.485 72.674 0.610
32.016 0.487 70.472 0.656
32.292 0.494 68.243 0.659
32.539 0.480 66.015 0.677
32.774 0.498 63.658 0.673
32.929 0.496 61.323 0.673
33.120 0.488 58.933 0.690
33.185 0.493 56.508 0.696
33.233 0.494 54.111 0.695
33.201 0.489 51.682 0.706
33.195 0.494 49.288 0.689
33.051 0.486 46.880 0.685
32.956 0.494 44.552 0.684
32.750 0.495 42.128 0.689
32.528 0.494 39.805 0.665
32.262 0.485 37.516 0.642
31.979 0.487 35.331 0.626
31.605 0.491 33.161 0.615
31.295 0.486 31.035 0.612
30.891 0.507 29.001 0.609
30.475 0.485 26.984 0.572
30.073 0.478 25.052 0.543
29.636 0.465 23.219 0.505
29.149 0.493 21.425 0.496
28.686 0.475 19.655 0.489
28.231 0.470 18.032 0.472
27.800 0.472 16.480 0.435
27.251 0.468 14.898 0.429
26.783 0.455 13.423 0.415
