Det6 phi theta
---
-26.657 12.518
-27.192 13.984
-27.597 15.483
-28.120 17.050
-28.626 18.679
-29.089 20.402
-29.565 22.156
-30.000 23.947
-30.438 25.856
-30.858 27.834
-31.304 29.905
-31.634 32.022
-32.003 34.168
-32.300 36.344
-32.618 38.632
-32.876 40.954
-33.083 43.296
-33.208 45.693
-33.306 48.098
-33.385 50.522
-33.445 52.980
-33.425 55.351
-33.315 57.806
-33.203 60.232
-33.031 62.670
-32.860 65.004
-32.584 67.317
-32.325 69.531
-32.009 71.785
-31.662 73.942
-31.277 76.013
-30.881 78.079
---
-25.218 12.556
-25.636 13.963
-26.099 15.495
-26.556 17.071
-27.054 18.690
-27.503 20.390
-27.931 22.137
-28.354 23.971
-28.793 25.840
-29.253 27.836
-29.582 29.891
-29.978 31.974
-30.299 34.158
-30.619 36.385
-30.883 38.657
-31.147 40.986
-31.333 43.273
-31.492 45.661
-31.572 48.070
-31.688 50.548
-31.717 52.979
-31.664 55.390
-31.627 57.839
-31.494 60.277
-31.323 62.611
-31.116 64.967
-30.919 67.312
-30.626 69.542
-30.315 71.801
-29.972 73.931
-29.601 76.041
-29.226 78.097
---
-23.603 12.519
-24.098 13.990
-24.517 15.496
-24.950 17.038
-25.407 18.672
-25.836 20.401
-26.293 22.157
-26.696 24.000
-27.121 25.906
-27.509 27.893
-27.892 29.916
-28.294 31.960
-28.543 34.145
-28.826 36.424
-29.080 38.637
-29.385 40.985
-29.538 43.286
-29.703 45.677
-29.826 48.110
-29.875 50.478
-29.916 52.963
-29.892 55.360
-29.821 57.852
-29.677 60.244
-29.541 62.631
-29.328 64.995
-29.102 67.303
-28.841 69.552
-28.561 71.804
-28.232 73.933
-27.892 76.015
-27.500 78.088
---
-22.073 12.562
-22.497 13.961
-22.917 15.478
-23.274 17.060
-23.748 18.672
-24.178 20.404
-24.578 22.149
-24.983 23.973
-25.364 25.900
-25.755 27.862
-26.114 29.904
-26.434 32.014
-26.763 34.171
-27.062 36.352
-27.272 38.626
-27.495 40.926
-27.668 43.295
-27.811 45.677
-27.958 48.055
-28.032 50.552
-28.025 52.975
-28.015 55.390
-27.967 57.808
-27.839 60.218
-27.702 62.559
-27.505 64.988
-27.302 67.285
-27.034 69.575
-26.738 71.797
-26.434 73.980
-26.117 76.019
-25.749 78.051
---
-20.447 12.517
-20.865 14.010
-21.248 15.461
-21.654 17.066
-22.004 18.689
-22.456 20.386
-22.816 22.174
-23.185 24.009
-23.565 25.899
-23.907 27.848
-24.247 29.899
-24.564 31.957
-24.855 34.179
-25.162 36.405
-25.415 38.630
-25.602 40.965
-25.738 43.320
-25.928 45.656
-26.002 48.127
-26.041 50.534
-26.099 52.966
-26.059 55.403
-26.018 57.810
-25.931 60.248
-25.771 62.636
-25.598 65.017
-25.381 67.263
-25.156 69.580
-24.882 71.788
-24.588 73.956
-24.254 76.025
-23.933 78.103
---
-18.794 12.530
-19.137 13.999
-19.536 15.512
-19.918 17.060
-20.282 18.667
-20.637 20.378
-21.013 22.152
-21.351 24.009
-21.723 25.911
-22.036 27.871
-22.368 29.890
-22.658 31.997
-22.955 34.155
-23.207 36.390
-23.410 38.603
-23.618 40.938
-23.787 43.312
-23.906 45.696
-24.031 48.141
-24.069 50.532
-24.093 52.962
-24.081 55.391
-24.028 57.838
-23.939 60.231
-23.811 62.661
-23.633 64.971
-23.428 67.301
-23.201 69.542
-22.916 71.771
-22.703 73.948
-22.358 76.055
-22.042 78.061
---
-17.134 12.525
-17.449 13.951
-17.819 15.487
-18.147 17.060
-18.469 18.699
-18.837 20.394
-19.150 22.156
-19.511 23.995
-19.775 25.902
-20.098 27.859
-20.402 29.892
-20.657 31.955
-20.978 34.153
-21.184 36.382
-21.404 38.618
-21.591 40.907
-21.718 43.260
-21.858 45.707
-21.953 48.097
-22.003 50.523
-22.056 52.952
-22.008 55.412
-21.942 57.859
-21.873 60.245
-21.731 62.677
-21.597 64.996
-21.379 67.313
-21.185 69.514
-20.936 71.787
-20.709 73.984
-20.438 76.028
-20.117 78.025
---
-15.425 12.535
-15.731 13.996
-16.001 15.496
-16.317 17.052
-16.661 18.679
-17.011 20.376
-17.267 22.155
-17.604 23.998
-17.881 25.896
-18.172 27.837
-18.415 29.891
-18.688 32.012
-18.933 34.167
-19.138 36.371
-19.299 38.602
-19.473 40.938
-19.665 43.284
-19.757 45.674
-19.801 48.110
-19.855 50.510
-19.897 52.907
-19.900 55.370
-19.829 57.886
-19.746 60.234
-19.677 62.620
-19.518 64.952
-19.335 67.329
-19.150 69.542
-18.905 71.778
-18.685 73.914
-18.405 76.047
-18.152 78.054
---
-13.682 12.549
-13.945 13.984
-14.228 15.486
-14.528 17.064
-14.786 18.704
-15.121 20.411
-15.329 22.148
-15.632 23.969
-15.868 25.913
-16.120 27.865
-16.372 29.917
-16.648 32.022
-16.825 34.146
-17.014 36.394
-17.196 38.623
-17.338 40.921
-17.497 43.293
-17.572 45.680
-17.649 48.106
-17.709 50.525
-17.715 52.963
-17.723 55.388
-17.667 57.855
-17.595 60.278
-17.500 62.646
-17.347 64.972
-17.200 67.314
-17.044 69.547
-16.845 71.788
-16.637 73.935
-16.396 76.056
-16.115 78.087
---
-11.912 12.508
-12.129 13.994
-12.376 15.498
-12.602 17.055
-12.900 18.703
-13.132 20.389
-13.378 22.132
-13.647 24.004
-13.818 25.883
-14.093 27.868
-14.272 29.895
-14.503 32.001
-14.695 34.137
-14.861 36.337
-15.004 38.674
-15.124 40.924
-15.284 43.286
-15.347 45.681
-15.417 48.089
-15.474 50.476
-15.493 52.959
-15.445 55.364
-15.409 57.840
-15.366 60.252
-15.278 62.644
-15.182 64.997
-15.033 67.284
-14.893 69.534
-14.698 71.755
-14.467 73.942
-14.316 76.031
-14.076 78.074
---
-10.085 12.560
-10.303 13.978
-10.506 15.469
-10.738 17.028
-10.974 18.683
-11.164 20.427
-11.396 22.180
-11.555 23.979
-11.793 25.882
-11.943 27.840
-12.197 29.891
-12.331 31.959
-12.495 34.128
-12.657 36.321
-12.807 38.642
-12.939 40.962
-12.992 43.309
-13.083 45.711
-13.151 48.102
-13.205 50.495
-13.191 52.929
-13.160 55.407
-13.164 57.843
-13.057 60.251
-12.992 62.606
-12.898 65.014
-12.780 67.310
-12.663 69.563
-12.500 71.794
-12.328 73.964
-12.161 76.033
-11.965 78.115
---
-8.318 12.585
-8.470 13.955
-8.635 15.500
-8.804 17.070
-8.993 18.712
-9.182 20.396
-9.351 22.152
-9.519 23.976
-9.677 25.914
-9.838 27.854
-9.956 29.873
-10.129 32.004
-10.283 34.135
-10.393 36.367
-10.523 38.636
-10.607 40.892
-10.695 43.301
-10.749 45.703
-10.818 48.094
-10.818 50.518
-10.865 52.984
-10.822 55.404
-10.860 57.886
-10.761 60.225
-10.705 62.634
-10.618 65.019
-10.518 67.290
-10.396 69.556
-10.278 71.777
-10.153 73.953
-10.011 76.083
-9.821 78.080
---
-6.464 12.504
-6.597 13.999
-6.743 15.492
-6.860 17.065
-7.017 18.683
-7.160 20.378
-7.321 22.146
-7.449 24.016
-7.530 25.892
-7.684 27.869
-7.842 29.909
-7.923 31.995
-8.034 34.170
-8.149 36.358
-8.208 38.625
-8.277 40.958
-8.330 43.312
-8.416 45.663
-8.460 48.115
-8.463 50.524
-8.507 52.972
-8.532 55.398
-8.455 57.863
-8.428 60.251
-8.343 62.629
-8.272 65.001
-8.173 67.307
-8.105 69.589
-8.019 71.788
-7.916 73.923
-7.812 76.041
-7.674 78.100
---
-4.643 12.549
-4.709 13.981
-4.821 15.505
-4.938 17.080
-5.028 18.723
-5.112 20.419
-5.229 22.152
-5.321 23.989
-5.433 25.919
-5.501 27.870
-5.585 29.886
-5.726 32.000
-5.748 34.166
-5.819 36.345
-5.909 38.622
-5.963 40.946
-5.993 43.305
-6.034 45.698
-6.065 48.068
-6.053 50.503
-6.068 52.967
-6.071 55.401
-6.057 57.856
-6.070 60.230
-5.981 62.625
-5.944 64.992
-5.879 67.300
-5.859 69.566
-5.758 71.807
-5.682 73.978
-5.603 76.029
-5.480 78.062
---
-2.797 12.545
-2.854 13.960
-2.900 15.460
-2.957 17.032
-3.000 18.700
-3.065 20.357
-3.131 22.166
-3.187 23.980
-3.265 25.885
-3.325 27.889
-3.373 29.890
-3.428 31.987
-3.502 34.167
-3.522 36.364
-3.534 38.627
-3.552 40.921
-3.608 43.341
-3.649 45.704
-3.621 48.063
-3.617 50.533
-3.651 52.969
-3.649 55.401
-3.633 57.801
-3.633 60.238
-3.599 62.651
-3.549 64.995
-3.559 67.318
-3.522 69.568
-3.490 71.786
-3.418 73.953
-3.353 76.024
-3.272 78.094
---
-0.907 12.554
-0.986 13.983
-0.976 15.502
-0.937 17.057
-1.008 18.695
-1.018 20.399
-1.058 22.172
-1.070 23.968
-1.074 25.891
-1.106 27.844
-1.153 29.894
-1.129 31.973
-1.172 34.131
-1.144 36.376
-1.177 38.651
-1.209 40.942
-1.206 43.311
-1.186 45.654
-1.224 48.081
-1.197 50.520
-1.245 52.966
-1.243 55.380
-1.223 57.818
-1.218 60.248
-1.196 62.597
-1.201 64.966
-1.199 67.274
-1.146 69.553
-1.185 71.795
-1.128 73.947
-1.135 76.029
-1.055 78.072
---
0.935 12.518
0.958 13.968
0.925 15.519
0.990 17.076
1.018 18.718
1.029 20.401
1.066 22.187
1.049 24.001
1.061 25.891
1.080 27.867
1.149 29.917
1.140 32.000
1.146 34.139
1.208 36.369
1.172 38.608
1.196 40.961
1.192 43.306
1.244 45.707
1.241 48.091
1.212 50.509
1.206 52.970
1.221 55.421
1.228 57.837
1.214 60.227
1.235 62.644
1.206 64.994
1.177 67.318
1.141 69.569
1.171 71.812
1.153 73.938
1.137 76.065
1.105 78.074
---
2.774 12.522
2.848 13.989
2.892 15.504
2.954 17.066
3.056 18.677
3.131 20.408
3.167 22.126
3.223 24.000
3.241 25.896
3.290 27.835
3.342 29.898
3.411 31.983
3.432 34.174
3.509 36.368
3.552 38.598
3.553 40.934
3.606 43.306
3.645 45.651
3.640 48.113
3.658 50.504
3.633 52.930
3.654 55.400
3.627 57.848
3.640 60.234
3.611 62.644
3.579 65.006
3.536 67.298
3.506 69.557
3.425 71.757
3.383 73.919
3.351 76.064
3.316 78.076
---
4.625 12.509
4.714 13.987
4.828 15.453
4.937 17.043
4.998 18.673
5.117 20.364
5.200 22.181
5.281 23.950
5.404 25.903
5.517 27.835
5.601 29.912
5.699 31.973
5.744 34.158
5.818 36.361
5.889 38.642
5.925 40.932
6.006 43.312
6.012 45.654
6.072 48.083
6.084 50.503
6.059 52.960
6.055 55.417
6.027 57.840
6.011 60.239
5.992 62.644
5.982 65.014
5.864 67.300
5.853 69.558
5.756 71.806
5.674 73.918
5.576 76.051
5.461 78.109
---
6.494 12.566
6.587 13.992
6.712 15.480
6.895 17.054
7.024 18.681
7.153 20.399
7.334 22.158
7.433 23.974
7.530 25.929
7.675 27.825
7.799 29.905
7.901 31.966
8.050 34.170
8.127 36.367
8.222 38.623
8.297 40.924
8.361 43.322
8.394 45.695
8.421 48.110
8.493 50.535
8.494 52.959
8.462 55.376
8.443 57.837
8.407 60.232
8.379 62.608
8.275 65.004
8.262 67.311
8.134 69.548
8.006 71.786
7.943 73.975
7.833 76.056
7.673 78.096
---
8.297 12.517
8.466 13.990
8.656 15.501
8.825 17.076
8.989 18.694
9.174 20.350
9.320 22.205
9.530 24.003
9.708 25.928
9.845 27.838
10.004 29.873
10.130 31.956
10.317 34.123
10.371 36.344
10.530 38.610
10.599 40.907
10.682 43.295
10.750 45.667
10.821 48.114
10.837 50.486
10.829 52.959
10.849 55.398
10.792 57.827
10.771 60.253
10.686 62.613
10.610 64.987
10.526 67.286
10.412 69.557
10.271 71.795
10.163 73.967
10.010 76.027
9.873 78.089
---
10.126 12.543
10.311 13.962
10.548 15.512
10.704 17.070
10.977 18.709
11.166 20.377
11.393 22.155
11.592 24.011
11.773 25.897
11.958 27.857
12.167 29.877
12.327 31.981
12.494 34.176
12.663 36.330
12.792 38.644
12.918 40.917
12.979 43.301
13.111 45.725
13.167 48.080
13.122 50.505
13.185 52.977
13.224 55.359
13.114 57.846
13.101 60.222
12.996 62.651
12.901 65.003
12.782 67.297
12.660 69.578
12.484 71.821
12.356 73.938
12.186 76.061
11.992 78.030
---
11.875 12.551
12.107 13.985
12.373 15.481
12.622 17.057
12.865 18.686
13.148 20.397
13.385 22.170
13.633 24.011
13.822 25.898
14.069 27.874
14.247 29.892
14.502 31.983
14.679 34.115
14.843 36.367
15.021 38.637
15.166 40.947
15.249 43.293
15.354 45.702
15.407 48.070
15.483 50.547
15.493 52.951
15.461 55.436
15.436 57.846
15.337 60.220
15.246 62.658
15.179 65.012
15.035 67.309
14.854 69.588
14.671 71.800
14.511 73.953
14.269 76.057
14.078 78.092
---
13.687 12.545
13.977 14.005
14.236 15.458
14.502 17.086
14.776 18.669
15.044 20.396
15.349 22.150
15.598 23.989
15.873 25.886
16.121 27.885
16.357 29.894
16.573 32.004
16.832 34.138
16.981 36.340
17.222 38.642
17.326 40.934
17.460 43.287
17.550 45.713
17.668 48.066
17.713 50.525
17.737 52.947
17.715 55.412
17.673 57.810
17.594 60.240
17.451 62.636
17.342 64.979
17.207 67.282
17.000 69.573
16.836 71.830
16.595 73.938
16.399 76.044
16.105 78.080
---
15.403 12.510
15.721 13.999
16.063 15.507
16.311 17.060
16.686 18.709
16.977 20.408
17.275 22.147
17.561 23.993
17.877 25.897
18.144 27.842
18.377 29.858
18.675 32.000
18.876 34.158
19.157 36.377
19.302 38.644
19.508 40.954
19.615 43.309
19.722 45.690
19.867 48.102
19.894 50.542
19.888 52.931
19.862 55.435
19.822 57.845
19.749 60.265
19.642 62.685
19.489 64.961
19.315 67.320
19.143 69.564
18.943 71.795
18.681 73.947
18.457 76.050
18.138 78.072
---
17.112 12.522
17.485 13.989
17.787 15.500
18.139 17.050
18.468 18.683
18.810 20.395
19.154 22.147
19.468 23.959
19.817 25.906
20.114 27.875
20.453 29.880
20.671 32.013
20.923 34.103
21.159 36.324
21.413 38.592
21.615 40.924
21.734 43.326
21.891 45.675
21.952 48.104
22.025 50.512
22.029 52.904
22.048 55.387
22.001 57.834
21.923 60.237
21.742 62.648
21.602 64.978
21.394 67.306
21.203 69.558
20.961 71.749
20.702 73.950
20.387 76.004
20.142 78.067
---
18.778 12.543
19.181 13.994
19.543 15.470
19.914 17.081
20.276 18.681
20.665 20.392
21.012 22.189
21.384 23.989
21.741 25.905
22.053 27.878
22.377 29.936
22.663 31.957
22.913 34.176
23.195 36.361
23.418 38.655
23.628 40.911
23.797 43.316
23.886 45.672
24.021 48.093
24.064 50.517
24.115 52.978
24.077 55.414
24.051 57.841
23.902 60.262
23.780 62.643
23.646 64.980
23.447 67.294
23.195 69.566
22.937 71.783
22.686 73.958
22.386 76.049
22.029 78.076
---
20.437 12.515
20.840 13.965
21.231 15.469
21.642 17.061
22.030 18.699
22.455 20.379
22.832 22.167
23.196 23.980
23.569 25.863
23.937 27.864
24.244 29.891
24.572 31.981
24.874 34.199
25.136 36.389
25.358 38.624
25.609 40.946
25.761 43.323
25.933 45.679
26.020 48.107
26.086 50.519
26.135 52.985
26.090 55.424
26.065 57.818
25.886 60.256
25.795 62.658
25.599 65.011
25.382 67.279
25.145 69.591
24.868 71.782
24.591 73.941
24.222 76.079
23.933 78.065
---
22.063 12.524
22.489 14.011
22.887 15.489
23.323 17.067
23.725 18.685
24.143 20.378
24.586 22.141
24.970 23.991
25.358 25.922
25.751 27.884
26.095 29.888
26.444 31.994
26.746 34.156
27.032 36.344
27.303 38.634
27.515 40.952
27.691 43.289
27.842 45.663
27.948 48.117
28.024 50.542
28.052 52.986
28.012 55.380
27.946 57.809
27.874 60.273
27.701 62.629
27.505 64.990
27.304 67.304
27.030 69.569
26.746 71.810
26.466 73.963
26.121 76.061
25.727 78.086
---
23.605 12.523
24.095 13.992
24.508 15.485
24.970 17.024
25.414 18.701
25.858 20.390
26.272 22.157
26.702 23.978
27.099 25.887
27.501 27.870
27.888 29.919
28.214 31.978
28.546 34.132
28.861 36.378
29.094 38.644
29.335 40.945
29.565 43.280
29.696 45.650
29.791 48.117
29.871 50.517
29.911 53.009
29.852 55.365
29.832 57.819
29.690 60.236
29.549 62.566
29.358 64.995
29.088 67.317
28.887 69.576
28.576 71.783
28.234 73.946
27.898 76.034
27.503 78.061
---
25.146 12.548
25.628 13.981
26.121 15.453
26.563 17.085
27.057 18.694
27.458 20.384
27.928 22.162
28.392 23.996
28.806 25.898
29.235 27.857
29.594 29.858
30.003 31.995
30.304 34.125
30.622 36.348
30.899 38.647
31.137 40.956
31.329 43.304
31.508 45.726
31.635 48.107
31.673 50.563
31.723 52.997
31.683 55.383
31.601 57.835
31.487 60.265
31.329 62.641
31.142 64.967
30.885 67.288
30.614 69.575
30.309 71.773
30.009 73.913
29.600 76.049
29.256 78.086
---
26.639 12.550
27.202 13.997
27.703 15.502
28.166 17.046
28.590 18.679
29.125 20.418
29.550 22.147
29.986 24.008
30.431 25.907
30.847 27.847
31.234 29.913
31.650 31.993
32.018 34.181
32.311 36.356
32.581 38.650
32.858 40.940
33.056 43.284
33.231 45.705
33.352 48.066
33.429 50.535
33.426 52.990
33.432 55.432
33.336 57.820
33.204 60.218
33.049 62.618
32.855 65.014
32.634 67.299
32.350 69.557
32.003 71.852
31.674 73.917
31.292 76.056
30.906 78.085
